0.00000000e+00 9.99511123e-01 5.20158093e-03 3.08299325e-02 -4.24970798e-02 -4.98764915e-03 9.99962986e-01 -7.01193046e-03 1.05452249e-02 -3.08652632e-02 6.85473345e-03 9.99500036e-01 2.07543615e-02
1.00000000e+00 9.99467373e-01 6.03093812e-03 3.20717469e-02 -4.10134457e-02 -5.77915041e-03 9.99951780e-01 -7.93768372e-03 9.00400430e-03 -3.21180709e-02 7.74810836e-03 9.99454021e-01 7.45847002e-02
2.00000000e+00 9.99418795e-01 6.07880251e-03 3.35423499e-02 -3.99427041e-02 -5.83226793e-03 9.99955297e-01 -7.44289858e-03 7.58190639e-03 -3.35860960e-02 7.24294456e-03 9.99409556e-01 1.28102556e-01
6.00000000e+00 9.99288380e-01 5.65240066e-03 3.72930430e-02 -3.47333699e-02 -5.35017345e-03 9.99952078e-01 -8.19894578e-03 2.16156803e-03 -3.73376012e-02 7.99358729e-03 9.99270737e-01 3.41015607e-01
7.00000000e+00 9.99255955e-01 5.53642167e-03 3.81696038e-02 -3.35697606e-02 -5.21611329e-03 9.99950409e-01 -8.48619733e-03 7.16159353e-04 -3.82146947e-02 8.28078575e-03 9.99235213e-01 3.93955767e-01
8.00000000e+00 9.99256611e-01 4.83981613e-03 3.82470414e-02 -3.19659598e-02 -4.57272306e-03 9.99964595e-01 -7.06776697e-03 -8.02211696e-04 -3.82798947e-02 6.88761938e-03 9.99243319e-01 4.47042465e-01
9.00000000e+00 9.99312639e-01 4.17738268e-03 3.68348658e-02 -3.04599274e-02 -3.95761151e-03 9.99973953e-01 -6.03729021e-03 -2.46228953e-03 -3.68591286e-02 5.88736217e-03 9.99303102e-01 5.00725210e-01
1.00000000e+01 9.99399841e-01 3.20236268e-03 3.44919488e-02 -2.92858295e-02 -2.98684789e-03 9.99975681e-01 -6.29797997e-03 -3.99384880e-03 -3.45112793e-02 6.19117822e-03 9.99385118e-01 5.53533137e-01
1.20000000e+01 9.99511480e-01 3.69041809e-03 3.10343895e-02 -2.69889012e-02 -3.48419673e-03 9.99971509e-01 -6.69638719e-03 -6.85427338e-03 -3.10582183e-02 6.58498611e-03 9.99495864e-01 6.59631252e-01
1.30000000e+01 9.99538600e-01 5.06778061e-03 2.99486816e-02 -2.58745942e-02 -4.85927612e-03 9.99963462e-01 -7.03075202e-03 -8.07717815e-03 -2.99832188e-02 6.88197929e-03 9.99526739e-01 7.12862074e-01
1.40000000e+01 9.99547899e-01 4.73041227e-03 2.96927430e-02 -2.50702538e-02 -4.51595383e-03 9.99963284e-01 -7.28549948e-03 -9.28391330e-03 -2.97261160e-02 7.14811450e-03 9.99532521e-01 7.66051590e-01
1.50000000e+01 9.99561429e-01 4.03763819e-03 2.93362010e-02 -2.41556372e-02 -3.84701579e-03 9.99971151e-01 -6.55139843e-03 -1.08334385e-02 -2.93618068e-02 6.43566810e-03 9.99548137e-01 8.19237888e-01
1.60000000e+01 9.99574721e-01 3.40808323e-03 2.89621223e-02 -2.34529134e-02 -3.22566717e-03 9.99974668e-01 -6.34282827e-03 -1.23165995e-02 -2.89830063e-02 6.24670833e-03 9.99560356e-01 8.72035921e-01
1.80000000e+01 9.99606371e-01 3.09563964e-03 2.78846994e-02 -2.19663791e-02 -2.87592504e-03 9.99964535e-01 -7.91605935e-03 -1.54262278e-02 -2.79082153e-02 7.83274882e-03 9.99579787e-01 9.78511095e-01
2.00000000e+01 9.99645889e-01 4.24776133e-03 2.62690336e-02 -2.01698970e-02 -4.03839955e-03 9.99959707e-01 -8.01782217e-03 -1.80442855e-02 -2.63020322e-02 7.90889747e-03 9.99622762e-01 1.08554161e+00
2.20000000e+01 9.99689817e-01 4.34910133e-03 2.45221443e-02 -1.88074801e-02 -4.16092901e-03 9.99961555e-01 -7.71937706e-03 -2.12011673e-02 -2.45547742e-02 7.61494739e-03 9.99669492e-01 1.19183302e+00
2.40000000e+01 9.99730885e-01 2.89499923e-03 2.30164509e-02 -1.74526796e-02 -2.75573973e-03 9.99977708e-01 -6.07984746e-03 -2.40813047e-02 -2.30335388e-02 6.01478387e-03 9.99716580e-01 1.29952931e+00
2.60000000e+01 9.99780834e-01 2.02492438e-03 2.08369344e-02 -1.58731975e-02 -1.87386724e-03 9.99971867e-01 -7.26646045e-03 -2.75649633e-02 -2.08510626e-02 7.22582266e-03 9.99756455e-01 1.40623617e+00
2.80000000e+01 9.99809265e-01 2.41886848e-03 1.93803962e-02 -1.49378516e-02 -2.29396182e-03 9.99976456e-01 -6.46464201e-03 -3.07894498e-02 -1.93955768e-02 6.41895132e-03 9.99791265e-01 1.51337731e+00
3.00000000e+01 9.99840021e-01 8.42623878e-04 1.78681016e-02 -1.38845760e-02 -7.32365530e-04 9.99980628e-01 -6.17632689e-03 -3.36507000e-02 -1.78729594e-02 6.16225228e-03 9.99821305e-01 1.62076521e+00
3.10000000e+01 9.99852538e-01 8.14856903e-04 1.71523448e-02 -1.32403057e-02 -7.02611927e-04 9.99978304e-01 -6.54901331e-03 -3.48596200e-02 -1.71573106e-02 6.53599622e-03 9.99831438e-01 1.67423177e+00
3.30000000e+01 9.99860942e-01 -2.64504954e-04 1.66746862e-02 -1.22316331e-02 3.40922852e-04 9.99989450e-01 -4.58019273e-03 -3.78077477e-02 -1.66732986e-02 4.58524050e-03 9.99850452e-01 1.78215134e+00
3.50000000e+01 9.99853492e-01 1.09526655e-03 1.70818046e-02 -1.20839737e-02 -1.02364540e-03 9.99990642e-01 -4.20101266e-03 -4.04904410e-02 -1.70862451e-02 4.18291148e-03 9.99845266e-01 1.88960516e+00
3.70000000e+01 9.99836862e-01 4.73832199e-03 1.74286682e-02 -1.11746788e-02 -4.69660899e-03 9.99985993e-01 -2.43349723e-03 -4.29791957e-02 -1.74399558e-02 2.35124468e-03 9.99845147e-01 1.99774909e+00
3.90000000e+01 9.99770641e-01 5.23912162e-03 2.07650326e-02 -1.03129223e-02 -5.30692609e-03 9.99980748e-01 3.21157323e-03 -4.50500883e-02 -2.07478087e-02 -3.32103530e-03 9.99779224e-01 2.10602427e+00
4.10000000e+01 9.99707043e-01 5.03558898e-03 2.36737579e-02 -9.13345069e-03 -5.21932309e-03 9.99956667e-01 7.70571176e-03 -4.66216691e-02 -2.36339290e-02 -7.82701559e-03 9.99690056e-01 2.21436787e+00
4.20000000e+01 9.99686599e-01 3.43244616e-03 2.47985944e-02 -7.82796368e-03 -3.58443311e-03 9.99975026e-01 6.08700141e-03 -4.71199118e-02 -2.47770827e-02 -6.17398275e-03 9.99673963e-01 2.26868391e+00
4.40000000e+01 9.99628127e-01 4.43481654e-03 2.69052442e-02 -6.67761266e-03 -4.54965793e-03 9.99980807e-01 4.20864252e-03 -4.89468649e-02 -2.68860627e-02 -4.32948722e-03 9.99629140e-01 2.37610054e+00
4.50000000e+01 9.99636412e-01 4.32204874e-03 2.66149621e-02 -5.63089550e-03 -4.42358339e-03 9.99983132e-01 3.75724398e-03 -4.98104729e-02 -2.65982747e-02 -3.87361157e-03 9.99638677e-01 2.43005228e+00
4.60000000e+01 9.99649048e-01 3.48355551e-03 2.62614861e-02 -4.99493629e-03 -3.55276209e-03 9.99990344e-01 2.58909306e-03 -5.06683476e-02 -2.62522120e-02 -2.68148514e-03 9.99651730e-01 2.48394752e+00
4.70000000e+01 9.99696016e-01 3.65506066e-03 2.43835859e-02 -4.08578292e-03 -3.73128778e-03 9.99988317e-01 3.08140228e-03 -5.15942872e-02 -2.43720375e-02 -3.17144790e-03 9.99697924e-01 2.53839469e+00
4.80000000e+01 9.99726474e-01 3.21814045e-03 2.31652614e-02 -3.65634263e-03 -3.31202126e-03 9.99986470e-01 4.01543733e-03 -5.23993932e-02 -2.31520254e-02 -4.09106305e-03 9.99723613e-01 2.59272933e+00
4.90000000e+01 9.99757826e-01 2.79427180e-03 2.18287800e-02 -2.85128877e-03 -2.89707142e-03 9.99984860e-01 4.67916671e-03 -5.34108244e-02 -2.18153745e-02 -4.74127289e-03 9.99750793e-01 2.64714217e+00
5.00000000e+01 9.99774933e-01 4.25099162e-03 2.07848232e-02 -2.25012004e-03 -4.33958927e-03 9.99981701e-01 4.21935134e-03 -5.40033467e-02 -2.07665060e-02 -4.30859951e-03 9.99775052e-01 2.70206666e+00
5.20000000e+01 9.99797881e-01 3.70968273e-03 1.97606310e-02 -1.09494850e-03 -3.78226419e-03 9.99986231e-01 3.63692548e-03 -5.58960140e-02 -1.97468661e-02 -3.71093024e-03 9.99798119e-01 2.81076431e+00
5.40000000e+01 9.99822140e-01 1.91402703e-03 1.87611338e-02 3.66531312e-05 -2.00035819e-03 9.99987483e-01 4.58391057e-03 -5.82087487e-02 -1.87521260e-02 -4.62062424e-03 9.99813497e-01 2.91967344e+00
5.60000000e+01 9.99827802e-01 2.18357402e-03 1.84290744e-02 1.66259706e-04 -2.27018306e-03 9.99986470e-01 4.67996532e-03 -6.03952147e-02 -1.84186045e-02 -4.72099707e-03 9.99819219e-01 3.02765846e+00
5.90000000e+01 9.99808371e-01 7.98116811e-03 1.78756453e-02 1.44528225e-03 -8.04925524e-03 9.99960601e-01 3.74025409e-03 -6.26631454e-02 -1.78450886e-02 -3.88342305e-03 9.99833226e-01 3.19074392e+00
6.10000000e+01 9.99763429e-01 1.14396773e-02 1.84985641e-02 2.56966799e-03 -1.15281977e-02 9.99922574e-01 4.68569528e-03 -6.41966984e-02 -1.84435304e-02 -4.89784172e-03 9.99817908e-01 3.29950380e+00
6.40000000e+01 9.99641478e-01 8.55759531e-03 2.53712274e-02 4.19373065e-03 -8.52702372e-03 9.99962807e-01 -1.31290674e-03 -6.74299151e-02 -2.53815185e-02 1.09609496e-03 9.99677241e-01 3.45987129e+00
6.50000000e+01 9.99561906e-01 9.34479944e-03 2.80827396e-02 4.79926914e-03 -9.29789152e-03 9.99955177e-01 -1.80045073e-03 -6.85634613e-02 -2.80983057e-02 1.53855165e-03 9.99603987e-01 3.51291203e+00
6.70000000e+01 9.99383569e-01 8.50897189e-03 3.40604372e-02 6.79263473e-03 -8.61658249e-03 9.99958336e-01 3.01385950e-03 -7.07411170e-02 -3.40333767e-02 -3.30548617e-03 9.99415219e-01 3.61809897e+00
6.90000000e+01 9.99117076e-01 7.70821655e-03 4.12999354e-02 9.58605111e-03 -7.64665706e-03 9.99969423e-01 -1.64831243e-03 -7.29144216e-02 -4.13113758e-02 1.33105065e-03 9.99145448e-01 3.72342491e+00
7.10000000e+01 9.98829424e-01 5.82405832e-03 4.80198525e-02 1.34530216e-02 -5.54988766e-03 9.99967515e-01 -5.84088452e-03 -7.54315108e-02 -4.80523109e-02 5.56754274e-03 9.98829305e-01 3.82531667e+00
7.30000000e+01 9.98442769e-01 6.48852391e-03 5.54065295e-02 1.74511075e-02 -6.29200041e-03 9.99973297e-01 -3.72064952e-03 -7.80662447e-02 -5.54291904e-02 3.36623774e-03 9.98456955e-01 3.92780900e+00
7.50000000e+01 9.98024106e-01 6.03581546e-03 6.25419021e-02 2.19841897e-02 -5.53777209e-03 9.99951601e-01 -8.13364144e-03 -8.07924569e-02 -6.25879690e-02 7.77122704e-03 9.98009205e-01 4.02953434e+00
7.70000000e+01 9.97675300e-01 4.46271012e-03 6.80006966e-02 2.83938646e-02 -3.97254620e-03 9.99965131e-01 -7.34173926e-03 -8.37389603e-02 -6.80310950e-02 7.05453614e-03 9.97658253e-01 4.13206577e+00
7.90000000e+01 9.97271657e-01 3.35857552e-03 7.37423375e-02 3.43278348e-02 -3.04411747e-03 9.99985814e-01 -4.37626010e-03 -8.60904306e-02 -7.37559944e-02 4.13984014e-03 9.97267723e-01 4.23435259e+00
8.20000000e+01 9.96749759e-01 -9.50136571e-04 8.05547610e-02 4.44530547e-02 1.65458082e-03 9.99960959e-01 -8.67861230e-03 -9.06905085e-02 -8.05433691e-02 8.78368877e-03 9.96712387e-01 4.38673592e+00
8.40000000e+01 9.96433735e-01 3.15927755e-05 8.43791813e-02 5.20165265e-02 1.02729211e-03 9.99921262e-01 -1.25056775e-02 -9.30883959e-02 -8.43729302e-02 1.25477603e-02 9.96355236e-01 4.49061775e+00
8.70000000e+01 9.96558428e-01 -3.87684035e-04 8.28923658e-02 6.31859004e-02 1.10418873e-03 9.99962449e-01 -8.59812833e-03 -9.77645516e-02 -8.28859136e-02 8.66006594e-03 9.96521413e-01 4.64675474e+00
8.90000000e+01 9.96893108e-01 7.57335220e-04 7.87623674e-02 6.97707534e-02 -1.69521198e-04 9.99972105e-01 -7.46955117e-03 -1.00329444e-01 -7.87658244e-02 7.43299257e-03 9.96865451e-01 4.75179482e+00
9.10000000e+01 9.97394145e-01 2.58487230e-03 7.20991045e-02 7.62095451e-02 -2.02215998e-03 9.99966919e-01 -7.87660480e-03 -1.03219986e-01 -7.21170753e-02 7.71028362e-03 9.97366369e-01 4.85821152e+00
9.30000000e+01 9.97928679e-01 3.32450680e-03 6.42440245e-02 8.21646005e-02 -2.91393511e-03 9.99974728e-01 -6.48345845e-03 -1.06047399e-01 -6.42639548e-02 6.28282595e-03 9.97913182e-01 4.96497631e+00
9.50000000e+01 9.98456478e-01 3.43051110e-03 5.54331690e-02 8.72960538e-02 -3.14875483e-03 9.99981701e-01 -5.16935298e-03 -1.08504832e-01 -5.54498881e-02 4.98682866e-03 9.98449028e-01 5.07209349e+00
9.70000000e+01 9.98955846e-01 4.87366552e-03 4.54259813e-02 9.18587595e-02 -4.64417040e-03 9.99975920e-01 -5.15623158e-03 -1.10991538e-01 -4.54500169e-02 4.93988162e-03 9.98954415e-01 5.18047142e+00
9.90000000e+01 9.99333739e-01 6.27404917e-03 3.59539799e-02 9.49373916e-02 -6.06475957e-03 9.99964058e-01 -5.92715200e-03 -1.13841787e-01 -3.59898731e-02 5.70515078e-03 9.99335885e-01 5.28924417e+00
1.01000000e+02 9.99484003e-01 1.00151179e-02 3.05198431e-02 9.66198146e-02 -9.84138530e-03 9.99934554e-01 -5.83736273e-03 -1.16504133e-01 -3.05763073e-02 5.53399324e-03 9.99517143e-01 5.39779329e+00
1.03000000e+02 9.99506235e-01 1.34798186e-02 2.83819828e-02 9.83042270e-02 -1.33189559e-02 9.99894202e-01 -5.84923057e-03 -1.19371854e-01 -2.84578279e-02 5.46832429e-03 9.99580026e-01 5.50780010e+00
1.05000000e+02 9.99531925e-01 1.46167390e-02 2.68742628e-02 9.97781754e-02 -1.44905457e-02 9.99883056e-01 -4.88447212e-03 -1.21959239e-01 -2.69425157e-02 4.49276343e-03 9.99626875e-01 5.61764622e+00
1.07000000e+02 9.99501467e-01 1.88377909e-02 2.53362581e-02 1.01159915e-01 -1.88491773e-02 9.99822319e-01 2.10632337e-04 -1.24075688e-01 -2.53277887e-02 -6.88094937e-04 9.99678969e-01 5.72861958e+00
1.09000000e+02 9.99538898e-01 1.77588090e-02 2.46295929e-02 1.02102026e-01 -1.77190639e-02 9.99841332e-01 -1.83104363e-03 -1.26102000e-01 -2.46582031e-02 1.39378605e-03 9.99694943e-01 5.84030819e+00
1.11000000e+02 9.99656796e-01 1.25768753e-02 2.29810700e-02 1.03435725e-01 -1.26071591e-02 9.99919832e-01 1.17337448e-03 -1.28410265e-01 -2.29644701e-02 -1.46269775e-03 9.99735236e-01 5.95193863e+00
1.13000000e+02 9.99722362e-01 7.50701874e-03 2.23346613e-02 1.05110668e-01 -7.60221807e-03 9.99962389e-01 4.18055011e-03 -1.30458325e-01 -2.23024376e-02 -4.34918236e-03 9.99741793e-01 6.06432438e+00
1.15000000e+02 9.99751449e-01 8.82393681e-04 2.22770441e-02 1.06793106e-01 -9.11638432e-04 9.99998748e-01 1.30265229e-03 -1.32245854e-01 -2.22758669e-02 -1.32263708e-03 9.99750972e-01 6.17685509e+00
1.17000000e+02 9.99736309e-01 -3.31387593e-04 2.29598600e-02 1.07986897e-01 2.94892292e-04 9.99998689e-01 1.59289362e-03 -1.34427726e-01 -2.29603592e-02 -1.58570299e-03 9.99735117e-01 6.29044867e+00
1.19000000e+02 9.99707043e-01 2.69916281e-03 2.40530893e-02 1.09423026e-01 -2.82671000e-03 9.99982119e-01 5.27031533e-03 -1.36363089e-01 -2.40384340e-02 -5.33676241e-03 9.99696791e-01 6.40395403e+00
1.21000000e+02 9.99682605e-01 3.21976840e-03 2.49869693e-02 1.10708699e-01 -3.26632336e-03 9.99993026e-01 1.82258105e-03 -1.38568401e-01 -2.49809250e-02 -1.90361799e-03 9.99686122e-01 6.51797771e+00
1.23000000e+02 9.99662161e-01 1.63764076e-03 2.59409547e-02 1.12101674e-01 -1.51657884e-03 9.99987900e-01 -4.68581403e-03 -1.41073689e-01 -2.59483140e-02 4.64488938e-03 9.99652505e-01 6.63131523e+00
1.25000000e+02 9.99649823e-01 1.61678577e-03 2.64135413e-02 1.13844313e-01 -1.38501101e-03 9.99960423e-01 -8.79078545e-03 -1.44261092e-01 -2.64267083e-02 8.75112414e-03 9.99612451e-01 6.74436283e+00
1.27000000e+02 9.99650717e-01 1.65237579e-03 2.63773818e-02 1.15331382e-01 -1.43529754e-03 9.99964952e-01 -8.24652519e-03 -1.47315010e-01 -2.63900831e-02 8.20578542e-03 9.99618053e-01 6.85718060e+00
1.29000000e+02 9.99652267e-01 2.74692476e-03 2.62249466e-02 1.16389990e-01 -2.57024635e-03 9.99973774e-01 -6.76837005e-03 -1.50192976e-01 -2.62428522e-02 6.69861212e-03 9.99633133e-01 6.96957588e+00
1.31000000e+02 9.99682784e-01 3.13801947e-03 2.49903928e-02 1.17987998e-01 -2.97261449e-03 9.99973476e-01 -6.65314356e-03 -1.53457090e-01 -2.50106081e-02 6.57674624e-03 9.99665558e-01 7.08164787e+00
1.33000000e+02 9.99719918e-01 3.27329664e-03 2.34377570e-02 1.19660862e-01 -3.16253142e-03 9.99983668e-01 -4.76143742e-03 -1.56673610e-01 -2.34529600e-02 4.68598120e-03 9.99713957e-01 7.19435501e+00
1.35000000e+02 9.99741793e-01 4.22734115e-03 2.23271865e-02 1.20519936e-01 -4.07060562e-03 9.99966800e-01 -7.06073316e-03 -1.59577206e-01 -2.23562922e-02 6.96802512e-03 9.99725759e-01 7.30739498e+00
1.37000000e+02 9.99772370e-01 4.33939835e-03 2.08894908e-02 1.21700667e-01 -4.18103905e-03 9.99962211e-01 -7.61851110e-03 -1.63118288e-01 -2.09217630e-02 7.52943708e-03 9.99752760e-01 7.42017269e+00
1.39000000e+02 9.99797881e-01 5.07859001e-03 1.94521341e-02 1.22524269e-01 -4.91973525e-03 9.99954224e-01 -8.20561871e-03 -1.66396782e-01 -1.94929168e-02 8.10826104e-03 9.99777138e-01 7.53378630e+00
1.41000000e+02 9.99820352e-01 4.89068776e-03 1.83127765e-02 1.23304963e-01 -4.76795761e-03 9.99965906e-01 -6.73955958e-03 -1.69119000e-01 -1.83451138e-02 6.65103411e-03 9.99809563e-01 7.64587355e+00
1.43000000e+02 9.99836624e-01 6.27696328e-03 1.69507097e-02 1.23648047e-01 -6.17453502e-03 9.99962389e-01 -6.08830294e-03 -1.71875745e-01 -1.69882867e-02 5.98264532e-03 9.99837816e-01 7.75892639e+00
1.46000000e+02 9.99852419e-01 7.95766152e-03 1.52243804e-02 1.24210201e-01 -7.85418227e-03 9.99945700e-01 -6.84468215e-03 -1.76632762e-01 -1.52780218e-02 6.72409730e-03 9.99860704e-01 7.92758703e+00
1.48000000e+02 9.99866009e-01 6.44949311e-03 1.50471376e-02 1.24294207e-01 -6.30241074e-03 9.99932110e-01 -9.80181620e-03 -1.79775417e-01 -1.51093323e-02 9.70566925e-03 9.99838769e-01 8.04047680e+00
1.50000000e+02 9.99892354e-01 2.70512910e-03 1.44213252e-02 1.24786586e-01 -2.62237363e-03 9.99980032e-01 -5.75424079e-03 -1.83090016e-01 -1.44366026e-02 5.71580324e-03 9.99879479e-01 8.15273476e+00
1.52000000e+02 9.99892354e-01 2.87054898e-03 1.43871820e-02 1.24568149e-01 -2.84053711e-03 9.99993742e-01 -2.10602558e-03 -1.85753569e-01 -1.43931378e-02 2.06493167e-03 9.99894261e-01 8.26482391e+00
1.54000000e+02 9.99889672e-01 4.45139455e-03 1.41727226e-02 1.24775626e-01 -4.34943149e-03 9.99964476e-01 -7.21703609e-03 -1.88436106e-01 -1.42043456e-02 7.15459650e-03 9.99873519e-01 8.37716389e+00
1.57000000e+02 9.99889791e-01 4.27505560e-03 1.42154908e-02 1.25209346e-01 -4.22700495e-03 9.99985278e-01 -3.40848276e-03 -1.93131819e-01 -1.42298527e-02 3.34801828e-03 9.99893129e-01 8.54471207e+00
1.60000000e+02 9.99848604e-01 2.42665177e-03 1.72304660e-02 1.27042621e-01 -2.34753010e-03 9.99986589e-01 -4.61070146e-03 -1.97512597e-01 -1.72414239e-02 4.56955424e-03 9.99840915e-01 8.70924759e+00
1.63000000e+02 9.99778807e-01 2.10585259e-03 2.09262371e-02 1.28068954e-01 -1.98014453e-03 9.99979854e-01 -6.02610502e-03 -2.01785177e-01 -2.09385063e-02 5.98333543e-03 9.99762833e-01 8.87344170e+00
1.65000000e+02 9.99723613e-01 2.70228088e-03 2.33548731e-02 1.29335701e-01 -2.61135492e-03 9.99988914e-01 -3.92285036e-03 -2.04769775e-01 -2.33652145e-02 3.86077794e-03 9.99719560e-01 8.98443890e+00
1.69000000e+02 9.99612629e-01 2.98476173e-03 2.76713055e-02 1.32254034e-01 -2.87915836e-03 9.99988437e-01 -3.85540980e-03 -2.10288599e-01 -2.76824925e-02 3.77424620e-03 9.99609649e-01 9.19813538e+00
1.72000000e+02 9.99572694e-01 1.72939233e-03 2.91785114e-02 1.34916723e-01 -1.65075669e-03 9.99994934e-01 -2.71885935e-03 -2.14615569e-01 -2.91830655e-02 2.66953115e-03 9.99570549e-01 9.35378361e+00
1.74000000e+02 9.99601066e-01 1.36168895e-03 2.82112155e-02 1.36702657e-01 -1.31279370e-03 9.99997616e-01 -1.75163511e-03 -2.17530534e-01 -2.82135326e-02 1.71390083e-03 9.99600470e-01 9.45353889e+00
1.76000000e+02 9.99626935e-01 1.82289211e-03 2.72516068e-02 1.38029426e-01 -1.73393055e-03 9.99993086e-01 -3.28772771e-03 -2.20219031e-01 -2.72574108e-02 3.23924888e-03 9.99623179e-01 9.55131721e+00
1.78000000e+02 9.99679208e-01 1.22319162e-03 2.52985954e-02 1.39372244e-01 -1.14183815e-03 9.99994159e-01 -3.22993030e-03 -2.23097309e-01 -2.53023989e-02 3.20000714e-03 9.99674737e-01 9.64600754e+00
1.79000000e+02 9.99724329e-01 8.72456119e-04 2.34625228e-02 1.40037954e-01 -8.14106490e-04 9.99996543e-01 -2.49636453e-03 -2.24261135e-01 -2.34646201e-02 2.47657532e-03 9.99721587e-01 9.69225216e+00
1.81000000e+02 9.99808967e-01 -3.63742474e-05 1.95468664e-02 1.40814215e-01 1.98012422e-05 9.99999642e-01 8.48052849e-04 -2.26667464e-01 -1.95468888e-02 -8.47503776e-04 9.99808609e-01 9.78450966e+00
1.83000000e+02 9.99895513e-01 3.59015452e-04 1.44495592e-02 1.41094312e-01 -3.69920919e-04 9.99999642e-01 7.52062420e-04 -2.29035661e-01 -1.44492835e-02 -7.57329050e-04 9.99895334e-01 9.87357903e+00
1.86000000e+02 9.99983728e-01 1.12752488e-03 5.59178460e-03 1.40833050e-01 -1.13173621e-03 9.99999106e-01 7.50012405e-04 -2.32026711e-01 -5.59093384e-03 -7.56328634e-04 9.99984086e-01 1.00010748e+01
1.88000000e+02 9.99999285e-01 1.03684806e-03 -5.84476744e-04 1.39946476e-01 -1.03713863e-03 9.99999344e-01 -4.97087138e-04 -2.33864918e-01 5.83960966e-04 4.97692963e-04 9.99999702e-01 1.00807743e+01
1.90000000e+02 9.99974251e-01 2.43671751e-03 -6.75413338e-03 1.38508201e-01 -2.44516786e-03 9.99996245e-01 -1.24316628e-03 -2.36018196e-01 6.75107865e-03 1.25964929e-03 9.99976397e-01 1.01567450e+01
1.92000000e+02 9.99939680e-01 4.89360094e-03 -9.83172003e-03 1.36748403e-01 -4.90426226e-03 9.99987423e-01 -1.06060167e-03 -2.37842098e-01 9.82640591e-03 1.10875501e-03 9.99951124e-01 1.02292805e+01
1.94000000e+02 9.99946356e-01 4.75310907e-03 -9.20540653e-03 1.35122389e-01 -4.74621635e-03 9.99988437e-01 7.70495913e-04 -2.39652112e-01 9.20896232e-03 -7.26763741e-04 9.99957323e-01 1.02986126e+01
1.96000000e+02 9.99951303e-01 5.14897704e-03 -8.41756817e-03 1.33671135e-01 -5.16165001e-03 9.99985576e-01 -1.48447102e-03 -2.41461366e-01 8.40980280e-03 1.52784726e-03 9.99963462e-01 1.03647556e+01
1.98000000e+02 9.99964535e-01 5.40829450e-03 -6.46038633e-03 1.32596463e-01 -5.43968892e-03 9.99973416e-01 -4.85190330e-03 -2.43228614e-01 6.43397402e-03 4.88687353e-03 9.99967337e-01 1.04306393e+01
2.00000000e+02 9.99978125e-01 5.67922043e-03 -3.38472589e-03 1.31456569e-01 -5.69766853e-03 9.99968827e-01 -5.46595966e-03 -2.44897410e-01 3.35357804e-03 5.48512535e-03 9.99979317e-01 1.04955130e+01
2.02000000e+02 9.99986351e-01 5.22313733e-03 -3.18408966e-05 1.30895689e-01 -5.22323372e-03 9.99970853e-01 -5.57059096e-03 -2.46848762e-01 2.74400645e-06 5.57068130e-03 9.99984503e-01 1.05600014e+01
2.04000000e+02 9.99978244e-01 4.56883432e-03 4.76370100e-03 1.30561516e-01 -4.54401597e-03 9.99976099e-01 -5.20775234e-03 -2.48834237e-01 -4.78738081e-03 5.18599246e-03 9.99975085e-01 1.06233740e+01
2.06000000e+02 9.99936640e-01 2.55061174e-03 1.09638032e-02 1.30369544e-01 -2.50558439e-03 9.99988377e-01 -4.11868747e-03 -2.50637382e-01 -1.09741809e-02 4.09095548e-03 9.99931395e-01 1.06857901e+01
2.08000000e+02 9.99858141e-01 2.26861308e-03 1.66886114e-02 1.30821988e-01 -2.18944042e-03 9.99986291e-01 -4.76086466e-03 -2.51980394e-01 -1.66991837e-02 4.72365087e-03 9.99849379e-01 1.07479057e+01
2.10000000e+02 9.99735892e-01 3.13926372e-03 2.27647182e-02 1.31219298e-01 -3.00613977e-03 9.99978185e-01 -5.87968202e-03 -2.53534853e-01 -2.27826796e-02 5.80969546e-03 9.99723554e-01 1.08092337e+01
2.12000000e+02 9.99582171e-01 3.88537836e-03 2.86420677e-02 1.32044613e-01 -3.71963717e-03 9.99976039e-01 -5.83764259e-03 -2.55032420e-01 -2.86640618e-02 5.72866527e-03 9.99572694e-01 1.08714705e+01
2.14000000e+02 9.99433696e-01 4.15252801e-03 3.33922319e-02 1.33368477e-01 -3.96645302e-03 9.99976218e-01 -5.63671486e-03 -2.56574988e-01 -3.34148444e-02 5.50107425e-03 9.99426425e-01 1.09348249e+01
2.16000000e+02 9.99310434e-01 4.30826936e-03 3.68798301e-02 1.35091871e-01 -3.96048883e-03 9.99947071e-01 -9.49797779e-03 -2.58323014e-01 -3.69187966e-02 9.34536569e-03 9.99274552e-01 1.09985800e+01
2.18000000e+02 9.99259591e-01 3.56923812e-03 3.83090898e-02 1.36647761e-01 -3.13489605e-03 9.99930203e-01 -1.13919219e-02 -2.60019660e-01 -3.83470766e-02 1.12633919e-02 9.99201000e-01 1.10633736e+01
2.20000000e+02 9.99265194e-01 3.18046287e-03 3.81964929e-02 1.38500035e-01 -2.72355299e-03 9.99924183e-01 -1.20081687e-02 -2.61975259e-01 -3.82317863e-02 1.18953148e-02 9.99198079e-01 1.11289425e+01
2.22000000e+02 9.99248505e-01 2.66991695e-03 3.86690013e-02 1.40415341e-01 -2.10866844e-03 9.99891937e-01 -1.45476926e-02 -2.63806403e-01 -3.87036651e-02 1.44552207e-02 9.99146163e-01 1.11957655e+01
2.24000000e+02 9.99202907e-01 -4.16752510e-03 3.97019051e-02 1.42662495e-01 4.85754013e-03 9.99838531e-01 -1.72993243e-02 -2.66029149e-01 -3.96233983e-02 1.74783878e-02 9.99061823e-01 1.12635107e+01
2.26000000e+02 9.99156952e-01 1.67675887e-03 4.10188287e-02 1.44103527e-01 -1.37194095e-03 9.99971271e-01 -7.45819043e-03 -2.68030256e-01 -4.10301536e-02 7.39562744e-03 9.99130547e-01 1.13331604e+01
2.30000000e+02 9.98650730e-01 2.62726075e-03 5.18632159e-02 1.49158865e-01 -1.81535399e-03 9.99875188e-01 -1.56956725e-02 -2.71573424e-01 -5.18979803e-02 1.55803459e-02 9.98530865e-01 1.14757614e+01
2.33000000e+02 9.98142481e-01 4.96433931e-04 6.09205663e-02 1.54900908e-01 1.44442020e-04 9.99944687e-01 -1.05150072e-02 -2.74435580e-01 -6.09224178e-02 1.05042756e-02 9.98087227e-01 1.15876570e+01
2.35000000e+02 9.97746408e-01 -1.66854810e-03 6.70768172e-02 1.58611357e-01 2.23302026e-03 9.99962747e-01 -8.34121555e-03 -2.76702344e-01 -6.70603961e-02 8.47220235e-03 9.97712970e-01 1.16624861e+01
2.38000000e+02 9.97215152e-01 1.40513352e-03 7.45652393e-02 1.65188432e-01 -4.69529565e-04 9.99920964e-01 -1.25635006e-02 -2.80211091e-01 -7.45770037e-02 1.24935023e-02 9.97137010e-01 1.17753782e+01
2.40000000e+02 9.96744692e-01 4.73419065e-03 8.04839358e-02 1.70050263e-01 -3.98454024e-03 9.99947190e-01 -9.47234686e-03 -2.81908154e-01 -8.05245340e-02 9.12082009e-03 9.96710896e-01 1.18516951e+01
2.42000000e+02 9.96268094e-01 5.18503832e-03 8.61565173e-02 1.75234735e-01 -4.30373708e-03 9.99936521e-01 -1.04116695e-02 -2.83838481e-01 -8.62050354e-02 1.00020198e-02 9.96227205e-01 1.19274073e+01
2.44000000e+02 9.95887756e-01 2.98596075e-04 9.05951187e-02 1.81138992e-01 5.70564182e-04 9.99954045e-01 -9.56784654e-03 -2.86438793e-01 -9.05938148e-02 9.58019216e-03 9.95841861e-01 1.20028162e+01
2.46000000e+02 9.95741725e-01 -8.02149298e-04 9.21831578e-02 1.87188685e-01 1.75523560e-03 9.99945819e-01 -1.02584399e-02 -2.88192987e-01 -9.21699405e-02 1.03765605e-02 9.95689213e-01 1.20785265e+01
2.48000000e+02 9.95719135e-01 -1.64178165e-03 9.24160182e-02 1.93400562e-01 2.49672285e-03 9.99955177e-01 -9.13615245e-03 -2.90687859e-01 -9.23968703e-02 9.32777859e-03 9.95678544e-01 1.21552629e+01
2.50000000e+02 9.95893955e-01 -5.95602905e-04 9.05255377e-02 1.99591875e-01 1.51615031e-03 9.99947846e-01 -1.01004979e-02 -2.92523950e-01 -9.05148014e-02 1.01962751e-02 9.95842934e-01 1.22317152e+01
2.52000000e+02 9.96175647e-01 1.01701837e-04 8.73729214e-02 2.05372155e-01 8.82157765e-04 9.99936640e-01 -1.12217776e-02 -2.95230210e-01 -8.73685256e-02 1.12559386e-02 9.96112466e-01 1.23079739e+01
2.54000000e+02 9.96465027e-01 2.80017871e-03 8.39618593e-02 2.10962534e-01 -1.79489446e-03 9.99925852e-01 -1.20462021e-02 -2.97744542e-01 -8.39893594e-02 1.18529163e-02 9.96396124e-01 1.23834009e+01
2.56000000e+02 9.96846318e-01 3.62804718e-03 7.92736337e-02 2.15863287e-01 -2.82075605e-03 9.99943018e-01 -1.02932118e-02 -2.99927533e-01 -7.93064609e-02 1.00371391e-02 9.96799767e-01 1.24598293e+01
2.58000000e+02 9.97514367e-01 1.08413631e-03 7.04552531e-02 2.20318735e-01 -6.65096391e-04 9.99981940e-01 -5.97079145e-03 -3.02450180e-01 -7.04604536e-02 5.90909040e-03 9.97497082e-01 1.25350389e+01
2.60000000e+02 9.98121560e-01 6.55710872e-04 6.12612441e-02 2.23886371e-01 -3.98187025e-04 9.99991059e-01 -4.21581371e-03 -3.04263979e-01 -6.12634607e-02 4.18350101e-03 9.98112857e-01 1.26086884e+01
2.62000000e+02 9.98639703e-01 -1.37760269e-03 5.21230437e-02 2.26864517e-01 1.57154503e-03 9.99992013e-01 -3.68005293e-03 -3.06060076e-01 -5.21175563e-02 3.75696085e-03 9.98633862e-01 1.26803703e+01
2.64000000e+02 9.99014437e-01 -1.09175581e-03 4.43730615e-02 2.28837639e-01 1.27908308e-03 9.99990404e-01 -4.19347174e-03 -3.07883173e-01 -4.43680547e-02 4.24609566e-03 9.99006212e-01 1.27490263e+01
2.66000000e+02 9.99305487e-01 -1.19913090e-03 3.72439958e-02 2.30182573e-01 1.35157350e-03 9.99990821e-01 -4.06816928e-03 -3.09635341e-01 -3.72387767e-02 4.11568210e-03 9.99297917e-01 1.28134623e+01
2.68000000e+02 9.99586642e-01 -6.04970322e-04 2.87427921e-02 2.30509833e-01 7.92823907e-04 9.99978423e-01 -6.52473047e-03 -3.11262727e-01 -2.87382249e-02 6.54482143e-03 9.99565542e-01 1.28739519e+01
2.70000000e+02 9.99894977e-01 1.78351847e-03 1.43830758e-02 2.30354548e-01 -1.63944170e-03 9.99948442e-01 -1.00226812e-02 -3.13090026e-01 -1.44002102e-02 9.99804772e-03 9.99846339e-01 1.29315977e+01
2.72000000e+02 9.99955237e-01 2.05510459e-03 -9.23530199e-03 2.29247570e-01 -2.15939293e-03 9.99933839e-01 -1.12966271e-02 -3.14975709e-01 9.21147503e-03 1.13160638e-02 9.99893546e-01 1.29864721e+01
2.74000000e+02 9.98955905e-01 5.96241467e-03 -4.52934913e-02 2.26033509e-01 -6.41881535e-03 9.99930024e-01 -9.93776694e-03 -3.16671431e-01 4.52310666e-02 1.02181220e-02 9.98924315e-01 1.30386295e+01
2.76000000e+02 9.95640039e-01 8.84814374e-03 -9.28583071e-02 2.20520258e-01 -9.83123668e-03 9.99900281e-01 -1.01349102e-02 -3.18063080e-01 9.27593708e-02 1.10036340e-02 9.95627761e-01 1.30881672e+01
2.78000000e+02 9.88484502e-01 1.12376120e-02 -1.50904402e-01 2.12352753e-01 -1.26032978e-02 9.99887824e-01 -8.09660368e-03 -3.19524646e-01 1.50796488e-01 9.90526006e-03 9.88515198e-01 1.31348515e+01
2.80000000e+02 9.75301623e-01 1.13193104e-02 -2.20587045e-01 2.01757193e-01 -1.26499878e-02 9.99909282e-01 -4.62070992e-03 -3.20475191e-01 2.20514730e-01 7.29700923e-03 9.75356340e-01 1.31800728e+01
2.83000000e+02 9.41485763e-01 1.39502632e-02 -3.36763859e-01 1.80095196e-01 -1.37176234e-02 9.99901175e-01 3.07021430e-03 -3.21945161e-01 3.36773425e-01 1.72903691e-03 9.41584110e-01 1.32432375e+01
2.86000000e+02 8.86952043e-01 1.30608268e-02 -4.61676836e-01 1.50603294e-01 -1.04198065e-02 9.99911547e-01 8.26942548e-03 -3.23120773e-01 4.61744010e-01 -2.52400036e-03 8.87009621e-01 1.33001251e+01
2.89000000e+02 8.07463348e-01 1.43183889e-02 -5.89743972e-01 1.12141609e-01 -8.43155850e-03 9.99883413e-01 1.27318725e-02 -3.23768288e-01 5.89857519e-01 -5.30805951e-03 8.07489932e-01 1.33490372e+01
2.92000000e+02 6.97682559e-01 1.16670048e-02 -7.16312051e-01 6.67934418e-02 2.92657386e-03 9.99812603e-01 1.91350095e-02 -3.23893040e-01 7.16401041e-01 -1.54465027e-02 6.97517693e-01 1.33915310e+01
2.95000000e+02 5.53515255e-01 2.24366672e-02 -8.32536757e-01 1.38659477e-02 1.67469808e-03 9.99605060e-01 2.80525479e-02 -3.23836625e-01 8.32837343e-01 -1.69217605e-02 5.53259075e-01 1.34243221e+01
2.99000000e+02 3.31933677e-01 3.46287303e-02 -9.42666888e-01 -6.55860901e-02 2.28617550e-03 9.99293506e-01 3.75139117e-02 -3.22968602e-01 9.43299949e-01 -1.46072321e-02 3.31620008e-01 1.34527016e+01
3.02000000e+02 1.51723847e-01 4.56110165e-02 -9.87370014e-01 -1.31608129e-01 7.62179680e-03 9.98851061e-01 4.73125763e-02 -3.21521193e-01 9.88393545e-01 -1.47039797e-02 1.51201889e-01 1.34593887e+01
3.05000000e+02 -4.37399521e-02 6.56933412e-02 -9.96880710e-01 -2.06666678e-01 1.45370504e-02 9.97771919e-01 6.51142299e-02 -3.19549471e-01 9.98937190e-01 -1.16436128e-02 -4.45974804e-02 1.34536848e+01
3.07000000e+02 -1.75880998e-01 7.80522972e-02 -9.81312215e-01 -2.60486603e-01 2.16261838e-02 9.96917486e-01 7.54174516e-02 -3.16997409e-01 9.84173834e-01 -7.95754232e-03 -1.77026823e-01 1.34412632e+01
3.08000000e+02 -2.39874661e-01 8.23523030e-02 -9.67304647e-01 -2.88333416e-01 2.62048896e-02 9.96581733e-01 7.83464760e-02 -3.15251738e-01 9.70450103e-01 -6.55477587e-03 -2.41212726e-01 1.34319487e+01
3.09000000e+02 -3.01532537e-01 8.53160024e-02 -9.49631155e-01 -3.16277266e-01 3.06997988e-02 9.96340871e-01 7.97644779e-02 -3.13923001e-01 9.52961504e-01 -5.10189915e-03 -3.03048372e-01 1.34203625e+01
3.10000000e+02 -3.60698640e-01 8.63309354e-02 -9.28678334e-01 -3.44716549e-01 3.49601544e-02 9.96258676e-01 7.90347531e-02 -3.12064558e-01 9.32026982e-01 -3.95901268e-03 -3.62367272e-01 1.34065180e+01
3.11000000e+02 -4.16888326e-01 8.65838006e-02 -9.04824495e-01 -3.73380184e-01 3.81300822e-02 9.96242404e-01 7.77636617e-02 -3.09830159e-01 9.08157587e-01 -2.08226964e-03 -4.18623269e-01 1.33905487e+01
3.13000000e+02 -5.16077816e-01 8.65627006e-02 -8.52156401e-01 -4.32295799e-01 4.26588506e-02 9.96243179e-01 7.53643513e-02 -3.04784894e-01 8.55478764e-01 2.54185428e-03 -5.17831683e-01 1.33515711e+01
3.15000000e+02 -5.96149802e-01 9.11070406e-02 -7.97687232e-01 -4.93208408e-01 4.93307933e-02 9.95820045e-01 7.68693238e-02 -2.99700916e-01 8.01356316e-01 6.47508167e-03 -5.98152280e-01 1.33032608e+01
3.17000000e+02 -6.70708179e-01 1.04009353e-01 -7.34392643e-01 -5.56094646e-01 6.55130967e-02 9.94556785e-01 8.10234621e-02 -2.94382423e-01 7.38822401e-01 6.23075664e-03 -6.73871338e-01 1.32451954e+01
3.19000000e+02 -7.36864090e-01 1.01692267e-01 -6.68348730e-01 -6.18746758e-01 6.86682090e-02 9.94767129e-01 7.56506175e-02 -2.87833780e-01 6.72544420e-01 9.84991714e-03 -7.39991188e-01 1.31740398e+01
3.21000000e+02 -7.92822540e-01 9.36595649e-02 -6.02212846e-01 -6.78566933e-01 6.94800243e-02 9.95568871e-01 6.33650124e-02 -2.81404734e-01 6.05479121e-01 8.39544274e-03 -7.95816898e-01 1.30926208e+01
3.23000000e+02 -8.39724123e-01 9.04486775e-02 -5.35427332e-01 -7.36223221e-01 7.06074461e-02 9.95846093e-01 5.74908778e-02 -2.76292384e-01 5.38403153e-01 1.04713254e-02 -8.42622340e-01 1.29986067e+01
3.25000000e+02 -8.81080925e-01 8.67282525e-02 -4.64945793e-01 -7.91182995e-01 7.01618120e-02 9.96134341e-01 5.28551005e-02 -2.71195978e-01 4.67732519e-01 1.39481826e-02 -8.83759975e-01 1.28923187e+01
3.27000000e+02 -9.15918350e-01 9.23762545e-02 -3.90589565e-01 -8.42790604e-01 7.87836909e-02 9.95600641e-01 5.07193133e-02 -2.65857100e-01 3.93556476e-01 1.56826638e-02 -9.19166684e-01 1.27750893e+01
3.29000000e+02 -9.42629755e-01 9.64278057e-02 -3.19610417e-01 -8.84050846e-01 8.42344314e-02 9.95099068e-01 5.17922305e-02 -2.61048615e-01 3.23038220e-01 2.18986943e-02 -9.46132541e-01 1.26475439e+01
3.31000000e+02 -9.63317454e-01 9.38640013e-02 -2.51414090e-01 -9.21175957e-01 8.51767659e-02 9.95338202e-01 4.52407375e-02 -2.55420297e-01 2.54488558e-01 2.21665520e-02 -9.66821730e-01 1.25079947e+01
3.33000000e+02 -9.77875113e-01 9.09756720e-02 -1.88371301e-01 -9.50797796e-01 8.50344375e-02 9.95598614e-01 3.94019298e-02 -2.50378639e-01 1.91126823e-01 2.25121193e-02 -9.81307149e-01 1.23598232e+01
3.35000000e+02 -9.87468243e-01 8.94132331e-02 -1.30045190e-01 -9.72475886e-01 8.53455961e-02 9.95681405e-01 3.65336724e-02 -2.46388391e-01 1.32750168e-01 2.49770563e-02 -9.90834773e-01 1.21994696e+01
3.37000000e+02 -9.93058562e-01 8.63474086e-02 -7.98673779e-02 -9.85791326e-01 8.37481394e-02 9.95859861e-01 3.53474170e-02 -2.41819397e-01 8.25888738e-02 2.84133125e-02 -9.96178567e-01 1.20312977e+01
3.39000000e+02 -9.95935142e-01 8.21188092e-02 -3.70088555e-02 -9.92187738e-01 8.08781087e-02 9.96148646e-01 3.38618495e-02 -2.37989306e-01 3.96470167e-02 3.07309981e-02 -9.98741090e-01 1.18542309e+01
3.41000000e+02 -9.97352898e-01 7.21363574e-02 -9.13774781e-03 -9.92094815e-01 7.18419403e-02 9.96987104e-01 2.92475224e-02 -2.33987719e-01 1.12200268e-02 2.85136290e-02 -9.99530435e-01 1.16696444e+01
3.43000000e+02 -9.97917473e-01 6.44714311e-02 2.02981988e-03 -9.88909960e-01 6.45033494e-02 9.97396767e-01 3.22345383e-02 -2.30984122e-01 5.36711195e-05 3.22983414e-02 -9.99478281e-01 1.14792795e+01
3.45000000e+02 -9.98207927e-01 5.98387867e-02 4.64631652e-04 -9.86305356e-01 5.98255023e-02 9.97751832e-01 3.02026384e-02 -2.27296770e-01 1.34370220e-03 3.01763099e-02 -9.99543667e-01 1.12811308e+01
3.47000000e+02 -9.98266160e-01 5.86415157e-02 -5.08299377e-03 -9.83661771e-01 5.84499277e-02 9.97777641e-01 3.19905020e-02 -2.23575294e-01 6.94766920e-03 3.16379368e-02 -9.99475241e-01 1.10785303e+01
3.48000000e+02 -9.98271823e-01 5.80842122e-02 -8.91972426e-03 -9.83202696e-01 5.77665530e-02 9.97801363e-01 3.24878804e-02 -2.21384853e-01 1.07871462e-02 3.19164731e-02 -9.99432325e-01 1.09759750e+01
3.50000000e+02 -9.98185456e-01 5.69042973e-02 -1.96910873e-02 -9.82873619e-01 5.61458133e-02 9.97731626e-01 3.71379741e-02 -2.18491718e-01 2.17597298e-02 3.59650142e-02 -9.99116123e-01 1.07691460e+01
3.52000000e+02 -9.98007238e-01 5.57149835e-02 -2.96199508e-02 -9.85899448e-01 5.45561649e-02 9.97764766e-01 3.85888480e-02 -2.14029104e-01 3.17037217e-02 3.68959978e-02 -9.98816073e-01 1.05617619e+01
3.54000000e+02 -9.97772992e-01 5.30057736e-02 -4.04907241e-02 -9.89902973e-01 5.14908955e-02 9.97966051e-01 3.75824310e-02 -2.10444242e-01 4.24004532e-02 3.54138315e-02 -9.98472869e-01 1.03532581e+01
3.56000000e+02 -9.97321606e-01 5.27583882e-02 -5.06568402e-02 -9.96560812e-01 5.07743135e-02 9.97921288e-01 3.96866649e-02 -2.05878273e-01 5.26453480e-02 3.70083041e-02 -9.97927308e-01 1.01445980e+01
3.58000000e+02 -9.96769667e-01 5.39673567e-02 -5.94786778e-02 -1.00605869e+00 5.14669232e-02 9.97757196e-01 4.27993760e-02 -2.01835513e-01 6.16550483e-02 3.95999365e-02 -9.97311652e-01 9.93640804e+00
3.60000000e+02 -9.96301770e-01 5.51589355e-02 -6.58804029e-02 -1.01673245e+00 5.24804443e-02 9.97750103e-01 4.17191796e-02 -1.97145626e-01 6.80333674e-02 3.81074585e-02 -9.96954978e-01 9.72756577e+00
3.62000000e+02 -9.95966911e-01 5.44858873e-02 -7.12824985e-02 -1.02814817e+00 5.19966371e-02 9.97986436e-01 3.63236926e-02 -1.92465186e-01 7.31180906e-02 3.24707478e-02 -9.96794581e-01 9.51682186e+00
3.64000000e+02 -9.95684266e-01 5.49860969e-02 -7.47617632e-02 -1.04215264e+00 5.20816334e-02 9.97830927e-01 4.02607769e-02 -1.88161224e-01 7.68133849e-02 3.61933075e-02 -9.96388376e-01 9.30720329e+00
3.66000000e+02 -9.95577097e-01 5.60499467e-02 -7.53968582e-02 -1.05646265e+00 5.31031825e-02 9.97765899e-01 4.05376554e-02 -1.82742119e-01 7.75005519e-02 3.63545492e-02 -9.96329248e-01 9.09130955e+00
3.68000000e+02 -9.95555699e-01 5.76236062e-02 -7.44877309e-02 -1.07018876e+00 5.48363440e-02 9.97735798e-01 3.89392897e-02 -1.78808600e-01 7.65628964e-02 3.46815959e-02 -9.96461391e-01 8.87875462e+00
3.70000000e+02 -9.95497406e-01 6.09629266e-02 -7.25843906e-02 -1.08341837e+00 5.83061911e-02 9.97568488e-01 3.81767452e-02 -1.73820972e-01 7.47352690e-02 3.37727293e-02 -9.96631324e-01 8.66244793e+00
3.72000000e+02 -9.95665669e-01 6.06941953e-02 -7.04705715e-02 -1.09580064e+00 5.78370951e-02 9.97446299e-01 4.19011079e-02 -1.69285804e-01 7.28337690e-02 3.76436822e-02 -9.96633410e-01 8.44624901e+00
3.74000000e+02 -9.95985389e-01 5.68929203e-02 -6.91108033e-02 -1.10733700e+00 5.41010536e-02 9.97667730e-01 4.16196994e-02 -1.63514256e-01 7.13174865e-02 3.77136469e-02 -9.96740460e-01 8.22863770e+00
3.76000000e+02 -9.96099472e-01 5.58198616e-02 -6.83374777e-02 -1.11996627e+00 5.31950705e-02 9.97796834e-01 3.96458618e-02 -1.58704728e-01 7.03999400e-02 3.58560048e-02 -9.96874213e-01 8.01178932e+00
3.78000000e+02 -9.96015012e-01 5.74963689e-02 -6.81777969e-02 -1.13217771e+00 5.49218915e-02 9.97726619e-01 3.90541591e-02 -1.54831931e-01 7.02682734e-02 3.51540782e-02 -9.96908486e-01 7.79231691e+00
3.80000000e+02 -9.96079028e-01 5.68608716e-02 -6.77745566e-02 -1.14469492e+00 5.42124063e-02 9.97715950e-01 4.02976759e-02 -1.49987862e-01 6.99111149e-02 3.64654474e-02 -9.96886492e-01 7.57118082e+00
3.82000000e+02 -9.96024668e-01 5.77450953e-02 -6.78260550e-02 -1.15652537e+00 5.50887994e-02 9.97663677e-01 4.04031016e-02 -1.44905031e-01 7.00006709e-02 3.65060270e-02 -9.96878743e-01 7.34903765e+00
3.84000000e+02 -9.96030629e-01 5.86732440e-02 -6.69358000e-02 -1.16920197e+00 5.60743362e-02 9.97622311e-01 4.00679335e-02 -1.40142590e-01 6.91275597e-02 3.61555107e-02 -9.96952415e-01 7.12512016e+00
3.85000000e+02 -9.95983839e-01 5.90129234e-02 -6.73328042e-02 -1.17420375e+00 5.62625974e-02 9.97530580e-01 4.20383848e-02 -1.38482034e-01 6.96473345e-02 3.80812325e-02 -9.96844530e-01 7.01367569e+00
3.87000000e+02 -9.95957553e-01 5.97359911e-02 -6.70831203e-02 -1.18725801e+00 5.72556034e-02 9.97624278e-01 3.83095406e-02 -1.33465618e-01 6.92122057e-02 3.43137942e-02 -9.97011662e-01 6.78725767e+00
3.89000000e+02 -9.95990992e-01 5.95337823e-02 -6.67660311e-02 -1.20033050e+00 5.70279323e-02 9.97617126e-01 3.88313755e-02 -1.29896283e-01 6.89187124e-02 3.48681733e-02 -9.97012734e-01 6.56572437e+00
3.91000000e+02 -9.96007502e-01 5.91443442e-02 -6.68659508e-02 -1.21207023e+00 5.66281863e-02 9.97636437e-01 3.89204696e-02 -1.25539109e-01 6.90098330e-02 3.49785835e-02 -9.97002602e-01 6.34273338e+00
3.93000000e+02 -9.96083379e-01 5.76922521e-02 -6.70033470e-02 -1.22390282e+00 5.50226197e-02 9.97641802e-01 4.10290174e-02 -1.21224180e-01 6.92123920e-02 3.71816233e-02 -9.96908784e-01 6.11721468e+00
3.95000000e+02 -9.96020675e-01 5.90246506e-02 -6.67751431e-02 -1.23716843e+00 5.64521253e-02 9.97612536e-01 3.97790223e-02 -1.15866207e-01 6.89636692e-02 3.58511284e-02 -9.96974766e-01 5.89250612e+00
3.97000000e+02 -9.95922863e-01 5.93963452e-02 -6.78951293e-02 -1.24983728e+00 5.64663112e-02 9.97421622e-01 4.42905314e-02 -1.11110851e-01 7.03507662e-02 4.02761661e-02 -9.96708870e-01 5.66729116e+00
3.99000000e+02 -9.95884418e-01 5.76122440e-02 -6.99646249e-02 -1.26307750e+00 5.45827597e-02 9.97518599e-01 4.44676653e-02 -1.05707437e-01 7.23528937e-02 4.04657908e-02 -9.96557891e-01 5.44562531e+00
