0.00000000e+00 9.99982357e-01 -2.36325152e-03 5.44471620e-03 -1.97814126e-03 2.34745559e-03 9.99993026e-01 2.90573039e-03 4.50387178e-03 -5.45154512e-03 -2.89289793e-03 9.99980927e-01 -1.78596787e-02
1.00000000e+00 9.99982059e-01 -3.02301231e-03 5.16739115e-03 -2.34574452e-03 2.99891154e-03 9.99984622e-01 4.66541061e-03 3.64493672e-03 -5.18141547e-03 -4.64983052e-03 9.99975741e-01 3.31723318e-02
2.00000000e+00 9.99980807e-01 -4.00461210e-03 4.73274011e-03 -2.58458080e-03 3.98298772e-03 9.99981642e-01 4.56973771e-03 2.99225841e-03 -4.75095306e-03 -4.55079926e-03 9.99978364e-01 8.45413357e-02
4.00000000e+00 9.99971330e-01 -5.91109600e-03 4.73521324e-03 -2.92352750e-03 5.89250308e-03 9.99974906e-01 3.93083738e-03 1.34929514e-03 -4.75833006e-03 -3.90282227e-03 9.99981046e-01 1.86860859e-01
5.00000000e+00 9.99969184e-01 -6.38515735e-03 4.56530880e-03 -3.06557259e-03 6.36333041e-03 9.99968350e-01 4.77964431e-03 5.88303839e-04 -4.59568296e-03 -4.75044642e-03 9.99978185e-01 2.38959149e-01
6.00000000e+00 9.99957502e-01 -7.79444072e-03 4.92460420e-03 -3.57757555e-03 7.76492478e-03 9.99951959e-01 5.98451216e-03 -1.23030390e-04 -4.97101340e-03 -5.94601827e-03 9.99969959e-01 2.90813416e-01
7.00000000e+00 9.99961734e-01 -7.41242943e-03 4.64156829e-03 -3.90353869e-03 7.38316728e-03 9.99952972e-01 6.29008189e-03 -7.31335022e-04 -4.68797470e-03 -6.25557220e-03 9.99969423e-01 3.43180597e-01
8.00000000e+00 9.99969780e-01 -6.42630458e-03 4.38136980e-03 -4.27347887e-03 6.40631327e-03 9.99969065e-01 4.56171902e-03 -1.54504168e-03 -4.41054907e-03 -4.53351298e-03 9.99979973e-01 3.95500600e-01
9.00000000e+00 9.99984741e-01 -3.78527073e-03 4.01976146e-03 -4.57158266e-03 3.77598801e-03 9.99990165e-01 2.31432403e-03 -2.21345946e-03 -4.02848236e-03 -2.29911017e-03 9.99989271e-01 4.47540075e-01
1.00000000e+01 9.99990582e-01 -4.38924268e-04 4.31643985e-03 -5.23278862e-03 4.32827248e-04 9.99998927e-01 1.41334417e-03 -3.06404964e-03 -4.31705546e-03 -1.41146267e-03 9.99989688e-01 4.99379754e-01
1.10000000e+01 9.99988496e-01 1.94071233e-03 4.38982761e-03 -5.78619819e-03 -1.94654090e-03 9.99997258e-01 1.32385676e-03 -3.97135457e-03 -4.38724644e-03 -1.33238651e-03 9.99989510e-01 5.52008271e-01
1.30000000e+01 9.99988079e-01 4.85578057e-04 4.86203330e-03 -6.44383114e-03 -5.10045560e-04 9.99987185e-01 5.03238617e-03 -5.74362092e-03 -4.85952757e-03 -5.03480621e-03 9.99975502e-01 6.57597780e-01
1.50000000e+01 9.99969482e-01 -6.07591681e-03 4.91231866e-03 -6.98352512e-03 6.05426589e-03 9.99971926e-01 4.41036839e-03 -6.96120085e-03 -4.93897777e-03 -4.38049296e-03 9.99978185e-01 7.62718797e-01
1.70000000e+01 9.99974668e-01 -4.65562614e-03 5.38825849e-03 -7.41032325e-03 4.65116231e-03 9.99988854e-01 8.40626482e-04 -8.61190073e-03 -5.39211230e-03 -8.15543463e-04 9.99985158e-01 8.69006932e-01
1.90000000e+01 9.99977827e-01 -1.72975997e-03 6.42737513e-03 -7.95134436e-03 1.68810249e-03 9.99977589e-01 6.48105564e-03 -1.03709875e-02 -6.43844157e-03 -6.47006184e-03 9.99958336e-01 9.75925922e-01
2.10000000e+01 9.99946237e-01 -8.06714781e-03 6.51795091e-03 -8.27621482e-03 8.02425016e-03 9.99946177e-01 6.58096420e-03 -1.14155672e-02 -6.57068985e-03 -6.52830862e-03 9.99957085e-01 1.08318114e+00
2.30000000e+01 9.99939263e-01 -8.32523871e-03 7.21887778e-03 -8.81968066e-03 8.31370614e-03 9.99964118e-01 1.62614870e-03 -1.30270552e-02 -7.23215705e-03 -1.56603428e-03 9.99972641e-01 1.19106901e+00
2.50000000e+01 9.99958158e-01 -4.26125433e-03 8.09651520e-03 -9.30381753e-03 4.27023508e-03 9.99990284e-01 -1.09226105e-03 -1.49042057e-02 -8.09178222e-03 1.12678937e-03 9.99966621e-01 1.29957938e+00
2.70000000e+01 9.99964297e-01 -2.85688741e-03 7.95367546e-03 -9.71087720e-03 2.85391789e-03 9.99995828e-01 3.84674815e-04 -1.67808793e-02 -7.95474183e-03 -3.61961953e-04 9.99968290e-01 1.40843928e+00
2.90000000e+01 9.99972463e-01 8.99386359e-04 7.36737577e-03 -9.81667917e-03 -9.18207166e-04 9.99996305e-01 2.55162944e-03 -1.89793725e-02 -7.36505352e-03 -2.55832402e-03 9.99969602e-01 1.51861131e+00
3.10000000e+01 9.99952078e-01 5.81424218e-03 7.87909143e-03 -1.09838918e-02 -5.83444629e-03 9.99979734e-01 2.54371041e-03 -2.06638705e-02 -7.86414184e-03 -2.58955872e-03 9.99965727e-01 1.62884057e+00
3.30000000e+01 9.99958515e-01 5.85362921e-03 6.97740354e-03 -1.14259571e-02 -5.87155065e-03 9.99979496e-01 2.55079288e-03 -2.25763656e-02 -6.96232915e-03 -2.59165536e-03 9.99972403e-01 1.73974526e+00
3.50000000e+01 9.99980152e-01 3.90348933e-03 4.94164741e-03 -1.15461983e-02 -3.91465100e-03 9.99989808e-01 2.25106929e-03 -2.44583208e-02 -4.93281009e-03 -2.27036956e-03 9.99985278e-01 1.85083580e+00
3.80000000e+01 9.99986947e-01 4.54249047e-03 2.33504060e-03 -1.37678608e-02 -4.55040578e-03 9.99983907e-01 3.39573366e-03 -2.68371440e-02 -2.31957785e-03 -3.40631488e-03 9.99991536e-01 2.01692462e+00
4.00000000e+01 9.99996305e-01 2.68551009e-03 4.59932140e-04 -1.49006732e-02 -2.68791965e-03 9.99982238e-01 5.32113994e-03 -2.87557971e-02 -4.45633981e-04 -5.32235671e-03 9.99985754e-01 2.12890458e+00
4.20000000e+01 9.99998808e-01 -1.48602691e-03 -4.78322647e-04 -1.62362847e-02 1.48826151e-03 9.99987841e-01 4.70586261e-03 -3.01731620e-02 4.71323787e-04 -4.70656855e-03 9.99988794e-01 2.24035001e+00
4.40000000e+01 9.99992728e-01 -3.79185821e-03 -3.48345551e-04 -1.72160473e-02 3.79376253e-03 9.99976873e-01 5.63931698e-03 -3.17921266e-02 3.26954003e-04 -5.64059755e-03 9.99984026e-01 2.35220361e+00
4.60000000e+01 9.99973714e-01 -7.24633504e-03 2.12640836e-04 -1.79533567e-02 7.24488916e-03 9.99954820e-01 6.15536189e-03 -3.34417522e-02 -2.57235050e-04 -6.15365990e-03 9.99981046e-01 2.46245265e+00
4.80000000e+01 9.99963641e-01 -8.39973707e-03 1.46822922e-03 -1.93065722e-02 8.39269068e-03 9.99953568e-01 4.74169198e-03 -3.47913504e-02 -1.50799006e-03 -4.72919689e-03 9.99987662e-01 2.57300615e+00
5.00000000e+01 9.99988437e-01 -3.82743706e-03 2.90164817e-03 -2.09174380e-02 3.80975800e-03 9.99974310e-01 6.07402762e-03 -3.69501784e-02 -2.92482157e-03 -6.06290298e-03 9.99977350e-01 2.68153763e+00
5.20000000e+01 9.99985933e-01 2.91929720e-03 4.43451433e-03 -2.22840346e-02 -2.95274472e-03 9.99967098e-01 7.55486125e-03 -3.84022817e-02 -4.41231346e-03 -7.56784854e-03 9.99961615e-01 2.79087615e+00
5.40000000e+01 9.99935746e-01 9.92344785e-03 5.48423501e-03 -2.37362348e-02 -9.95903928e-03 9.99929249e-01 6.50097243e-03 -3.95982191e-02 -5.41933486e-03 -6.55517215e-03 9.99963820e-01 2.90137410e+00
5.60000000e+01 9.99906242e-01 1.21706491e-02 6.27623778e-03 -2.42744908e-02 -1.22120949e-02 9.99903619e-01 6.60815649e-03 -4.13759276e-02 -6.19520759e-03 -6.68418314e-03 9.99958456e-01 3.00969720e+00
5.80000000e+01 9.99925435e-01 1.03370240e-02 6.50504278e-03 -2.52517462e-02 -1.03727477e-02 9.99931157e-01 5.48213348e-03 -4.32955399e-02 -6.44792616e-03 -5.54919941e-03 9.99963820e-01 3.11769080e+00
6.00000000e+01 9.99946475e-01 8.73037241e-03 5.55303553e-03 -2.56696567e-02 -8.76254681e-03 9.99944806e-01 5.79628302e-03 -4.48166989e-02 -5.50212571e-03 -5.84463170e-03 9.99967754e-01 3.22576308e+00
6.20000000e+01 9.99957681e-01 8.16739816e-03 4.23969654e-03 -2.71501914e-02 -8.19072500e-03 9.99951243e-01 5.51423384e-03 -4.60270718e-02 -4.19445289e-03 -5.54872677e-03 9.99975801e-01 3.33302259e+00
6.40000000e+01 9.99978483e-01 6.02287007e-03 2.59891339e-03 -2.86848880e-02 -6.04186999e-03 9.99954641e-01 7.36580743e-03 -4.78954688e-02 -2.55443202e-03 -7.38135120e-03 9.99969482e-01 3.43943906e+00
6.60000000e+01 9.99999762e-01 5.78817795e-04 3.82312312e-04 -2.92524081e-02 -5.81956119e-04 9.99965727e-01 8.26030597e-03 -4.94663045e-02 -3.77518008e-04 -8.26052669e-03 9.99965787e-01 3.54523182e+00
6.90000000e+01 9.99998331e-01 -1.57804752e-03 -8.87796690e-04 -3.08866352e-02 1.58413895e-03 9.99974906e-01 6.90304954e-03 -5.15909120e-02 8.76881066e-04 -6.90444466e-03 9.99975801e-01 3.70253158e+00
7.10000000e+01 9.99999821e-01 -6.39869773e-04 -7.79367838e-05 -3.27809528e-02 6.40301965e-04 9.99983668e-01 5.67766419e-03 -5.34178764e-02 7.43025521e-05 -5.67771308e-03 9.99983907e-01 3.80736732e+00
7.30000000e+01 1.00000000e+00 -1.83595694e-04 -1.35450638e-04 -3.35471779e-02 1.84635152e-04 9.99970198e-01 7.71436375e-03 -5.50733618e-02 1.34030284e-04 -7.71438843e-03 9.99970257e-01 3.91093493e+00
7.50000000e+01 9.99997675e-01 2.12774309e-03 3.40630591e-04 -3.51893790e-02 -2.13004975e-03 9.99973774e-01 6.92086155e-03 -5.61970472e-02 -3.25895846e-04 -6.92157075e-03 9.99975979e-01 4.01429224e+00
7.70000000e+01 9.99998927e-01 1.46604434e-03 1.17272226e-04 -3.61928232e-02 -1.46644784e-03 9.99992728e-01 3.51798628e-03 -5.80464192e-02 -1.12113848e-04 -3.51815438e-03 9.99993801e-01 4.11702871e+00
7.90000000e+01 9.99994755e-01 -3.02394526e-03 1.17269228e-03 -3.76239382e-02 3.01579037e-03 9.99971688e-01 6.89453119e-03 -5.97015470e-02 -1.19350781e-03 -6.89095818e-03 9.99975562e-01 4.22027349e+00
8.10000000e+01 9.99983311e-01 -5.16726542e-03 2.59160600e-03 -3.82891782e-02 5.15196798e-03 9.99969482e-01 5.87499561e-03 -6.11816868e-02 -2.62188469e-03 -5.86154545e-03 9.99979377e-01 4.32277203e+00
8.40000000e+01 9.99982178e-01 1.78221858e-03 5.69564197e-03 -3.98098379e-02 -1.79189490e-03 9.99996960e-01 1.69425365e-03 -6.37716949e-02 -5.69260539e-03 -1.70442939e-03 9.99982357e-01 4.47611237e+00
8.60000000e+01 9.99963641e-01 2.74263369e-03 8.07361584e-03 -4.05561104e-02 -2.78951786e-03 9.99979258e-01 5.80156408e-03 -6.55649081e-02 -8.05753656e-03 -5.82387438e-03 9.99950588e-01 4.57921124e+00
8.80000000e+01 9.99948680e-01 2.94614909e-03 9.69425868e-03 -4.06290628e-02 -2.99966824e-03 9.99980330e-01 5.51082054e-03 -6.69553578e-02 -9.67783201e-03 -5.53961704e-03 9.99937832e-01 4.68234062e+00
9.00000000e+01 9.99903083e-01 6.57346984e-03 1.22718122e-02 -4.10383046e-02 -6.63232710e-03 9.99966681e-01 4.76161717e-03 -6.83572590e-02 -1.22401025e-02 -4.84254630e-03 9.99913335e-01 4.78423786e+00
9.30000000e+01 9.99852538e-01 7.85738137e-03 1.52694834e-02 -4.10447568e-02 -7.89558608e-03 9.99965847e-01 2.44334550e-03 -7.07043558e-02 -1.52497636e-02 -2.56354664e-03 9.99880433e-01 4.93790913e+00
9.60000000e+01 9.99836087e-01 5.23354113e-03 1.73333399e-02 -4.04099151e-02 -5.31545561e-03 9.99974906e-01 4.68313368e-03 -7.30835572e-02 -1.73083954e-02 -4.77450062e-03 9.99838769e-01 5.09196138e+00
9.80000000e+01 9.99857306e-01 1.42181478e-03 1.68330390e-02 -3.95157859e-02 -1.51700084e-03 9.99982953e-01 5.64329606e-03 -7.47954324e-02 -1.68247279e-02 -5.66802640e-03 9.99842405e-01 5.19483376e+00
1.00000000e+02 9.99882638e-01 -1.08490023e-03 1.52802505e-02 -3.93330082e-02 1.00981421e-03 9.99987364e-01 4.92078066e-03 -7.60561377e-02 -1.52853960e-02 -4.90477309e-03 9.99871135e-01 5.29726076e+00
1.02000000e+02 9.99906063e-01 -4.01946204e-03 1.31037310e-02 -3.88200656e-02 3.93631309e-03 9.99971986e-01 6.36507990e-03 -7.81258047e-02 -1.31289484e-02 -6.31290162e-03 9.99893904e-01 5.40005684e+00
1.04000000e+02 9.99929905e-01 -4.46847780e-03 1.09630004e-02 -3.89088877e-02 4.40766755e-03 9.99974787e-01 5.56480233e-03 -7.93811008e-02 -1.09875901e-02 -5.51609090e-03 9.99924421e-01 5.50186110e+00
1.07000000e+02 9.99896526e-01 -1.23296082e-02 7.41329743e-03 -3.84318866e-02 1.23139974e-02 9.99921858e-01 2.14775582e-03 -8.15520957e-02 -7.43919937e-03 -2.05624639e-03 9.99970198e-01 5.65643597e+00
1.10000000e+02 9.99544024e-01 -2.99115125e-02 4.13495535e-03 -3.86449173e-02 2.98998691e-02 9.99548852e-01 2.84934207e-03 -8.40606242e-02 -4.21831757e-03 -2.72440817e-03 9.99987364e-01 5.80942249e+00
1.13000000e+02 9.99653876e-01 -2.55034231e-02 6.45508710e-03 -4.00490575e-02 2.55176816e-02 9.99672115e-01 -2.13621254e-03 -8.74606743e-02 -6.39848970e-03 2.30019190e-03 9.99976873e-01 5.96314383e+00
1.16000000e+02 9.99253452e-01 -3.79868448e-02 7.03494484e-03 -3.91397998e-02 3.79504263e-02 9.99265909e-01 5.23988949e-03 -9.01001245e-02 -7.22882710e-03 -4.96899849e-03 9.99961555e-01 6.11820555e+00
1.19000000e+02 9.99416471e-01 -3.29554379e-02 8.98103509e-03 -3.93084623e-02 3.29150222e-02 9.99447525e-01 4.61142743e-03 -9.21184123e-02 -9.12804529e-03 -4.31312574e-03 9.99949038e-01 6.27302980e+00
1.22000000e+02 9.99635875e-01 -2.46319547e-02 1.10163754e-02 -4.01261225e-02 2.45994888e-02 9.99692678e-01 3.07286903e-03 -9.46162790e-02 -1.10886805e-02 -2.80075287e-03 9.99934614e-01 6.42720556e+00
1.25000000e+02 9.99803901e-01 -1.71219278e-02 9.94976144e-03 -4.07284051e-02 1.71422791e-02 9.99851108e-01 -1.96367642e-03 -9.83155668e-02 -9.91465803e-03 2.13385280e-03 9.99948561e-01 6.58039379e+00
1.28000000e+02 9.99934733e-01 -4.44670161e-03 1.05232233e-02 -4.13866267e-02 4.45137825e-03 9.99989986e-01 -4.21000266e-04 -1.01819217e-01 -1.05212461e-02 4.67815640e-04 9.99944568e-01 6.73693085e+00
1.31000000e+02 9.99930561e-01 -8.80146679e-03 7.83497654e-03 -4.13161479e-02 8.78216885e-03 9.99958336e-01 2.49407510e-03 -1.03971303e-01 -7.85660185e-03 -2.42509390e-03 9.99966204e-01 6.89259386e+00
1.34000000e+02 9.99988258e-01 -3.12104891e-03 3.71063268e-03 -4.24841084e-02 3.14447167e-03 9.99975085e-01 -6.32333476e-03 -1.07263468e-01 -3.69080482e-03 6.33492833e-03 9.99973118e-01 7.04827356e+00
1.36000000e+02 9.99987304e-01 3.08441557e-03 3.98725690e-03 -4.37474661e-02 -3.07531678e-03 9.99992669e-01 -2.28607818e-03 -1.09920464e-01 -3.99427908e-03 2.27378705e-03 9.99989450e-01 7.15309429e+00
1.39000000e+02 9.99988973e-01 1.33609388e-03 4.50307410e-03 -4.54190746e-02 -1.34043291e-03 9.99998629e-01 9.60696198e-04 -1.12638012e-01 -4.50178422e-03 -9.66721680e-04 9.99989390e-01 7.31225634e+00
1.42000000e+02 9.99959290e-01 -7.51746772e-03 4.99633001e-03 -4.59906794e-02 7.50363572e-03 9.99967992e-01 2.78144237e-03 -1.15590602e-01 -5.01707941e-03 -2.74383859e-03 9.99983668e-01 7.47192764e+00
1.45000000e+02 9.99911547e-01 -1.18831219e-02 5.97616844e-03 -4.64461297e-02 1.18847415e-02 9.99929368e-01 -2.35438230e-04 -1.17881954e-01 -5.97294839e-03 3.06442613e-04 9.99982119e-01 7.63168287e+00
1.48000000e+02 9.99892116e-01 1.16958786e-02 8.88367556e-03 -4.84608039e-02 -1.16802948e-02 9.99930143e-01 -1.80402340e-03 -1.21356934e-01 -8.90415441e-03 1.70006487e-03 9.99958932e-01 7.79351664e+00
1.50000000e+02 9.99894500e-01 1.11894635e-02 9.26469825e-03 -4.91135120e-02 -1.11955507e-02 9.99937117e-01 6.05350535e-04 -1.23043299e-01 -9.25734267e-03 -7.09010055e-04 9.99956906e-01 7.90179586e+00
1.53000000e+02 9.99955356e-01 6.62063295e-03 6.74332818e-03 -4.97388281e-02 -6.61713071e-03 9.99977946e-01 -5.41500282e-04 -1.26052484e-01 -6.74676476e-03 4.96854598e-04 9.99977112e-01 8.06617737e+00
1.55000000e+02 9.99940097e-01 8.84588156e-03 6.44824142e-03 -5.07092141e-02 -8.84860754e-03 9.99960780e-01 3.94353556e-04 -1.27956286e-01 -6.44449983e-03 -4.51387896e-04 9.99979138e-01 8.17566299e+00
1.58000000e+02 9.99953449e-01 7.55946850e-03 5.99222677e-03 -5.22035547e-02 -7.55114388e-03 9.99970496e-01 -1.41072250e-03 -1.31306812e-01 -6.00271439e-03 1.36540865e-03 9.99981046e-01 8.34051991e+00
1.60000000e+02 9.99951005e-01 8.21748562e-03 5.52391075e-03 -5.33471629e-02 -8.20676517e-03 9.99964416e-01 -1.96051714e-03 -1.33162916e-01 -5.53982472e-03 1.91508769e-03 9.99982834e-01 8.45213509e+00
1.62000000e+02 9.99949992e-01 8.78483057e-03 4.77660727e-03 -5.42902425e-02 -8.77450220e-03 9.99959111e-01 -2.17896700e-03 -1.35759473e-01 -4.79555363e-03 2.13694572e-03 9.99986231e-01 8.56407070e+00
1.64000000e+02 9.99950230e-01 9.01107490e-03 4.28270875e-03 -5.51085584e-02 -8.99976771e-03 9.99956012e-01 -2.65226653e-03 -1.37764558e-01 -4.30642022e-03 2.61359126e-03 9.99987304e-01 8.67612553e+00
1.66000000e+02 9.99973118e-01 6.26009889e-03 3.81496176e-03 -5.57506047e-02 -6.25011371e-03 9.99977052e-01 -2.62362557e-03 -1.40290320e-01 -3.83129832e-03 2.59971106e-03 9.99989271e-01 8.78930664e+00
1.68000000e+02 9.99984860e-01 3.77842016e-03 4.00701631e-03 -5.66058308e-02 -3.77041916e-03 9.99990880e-01 -2.00246903e-03 -1.42376438e-01 -4.01454605e-03 1.98733038e-03 9.99989986e-01 8.90215778e+00
1.70000000e+02 9.99984980e-01 4.08238778e-03 3.65182781e-03 -5.73038235e-02 -4.07608366e-03 9.99990165e-01 -1.73205091e-03 -1.45265371e-01 -3.65886278e-03 1.71713973e-03 9.99991834e-01 9.01547527e+00
1.72000000e+02 9.99975801e-01 5.72649017e-03 3.95449204e-03 -5.75872175e-02 -5.71791036e-03 9.99981284e-01 -2.17752415e-03 -1.46817669e-01 -3.96688748e-03 2.15485995e-03 9.99989808e-01 9.12812805e+00
1.74000000e+02 9.99970734e-01 5.35593648e-03 5.45883086e-03 -5.88852465e-02 -5.35859726e-03 9.99985516e-01 4.72899585e-04 -1.49184525e-01 -5.45621896e-03 -5.02137409e-04 9.99984980e-01 9.24162197e+00
1.76000000e+02 9.99962628e-01 5.74157992e-03 6.46697544e-03 -5.98263927e-02 -5.72743779e-03 9.99981165e-01 -2.20322306e-03 -1.51712894e-01 -6.47950359e-03 2.16610148e-03 9.99976635e-01 9.35492992e+00
1.78000000e+02 9.99967396e-01 5.56919258e-03 5.84796909e-03 -5.98914921e-02 -5.56610525e-03 9.99984384e-01 -5.44032257e-04 -1.54163063e-01 -5.85090742e-03 5.11464139e-04 9.99982774e-01 9.46909809e+00
1.80000000e+02 9.99964416e-01 6.24104636e-03 5.67477942e-03 -6.10274784e-02 -6.24033948e-03 9.99980509e-01 -1.42250661e-04 -1.56472355e-01 -5.67555660e-03 1.06833053e-04 9.99983907e-01 9.58319378e+00
1.82000000e+02 9.99941349e-01 8.87746457e-03 6.20669546e-03 -6.19961619e-02 -8.87756795e-03 9.99960601e-01 -1.08835748e-05 -1.58552885e-01 -6.20654784e-03 -4.42174278e-05 9.99980748e-01 9.69665241e+00
1.84000000e+02 9.99954522e-01 7.46811461e-03 5.93194459e-03 -6.29732609e-02 -7.46985292e-03 9.99972045e-01 2.70971534e-04 -1.60655037e-01 -5.92975551e-03 -3.15269950e-04 9.99982357e-01 9.81189251e+00
1.86000000e+02 9.99978602e-01 2.80201994e-03 5.91287622e-03 -6.37630299e-02 -2.81115761e-03 9.99994874e-01 1.53766363e-03 -1.62422597e-01 -5.90853719e-03 -1.55425270e-03 9.99981344e-01 9.92659473e+00
1.88000000e+02 9.99986112e-01 -1.11449095e-04 5.26577560e-03 -6.41615540e-02 1.11368754e-04 1.00000000e+00 1.55507005e-05 -1.64633870e-01 -5.26577746e-03 -1.49640418e-05 9.99986112e-01 1.00407133e+01
1.90000000e+02 9.99977827e-01 -3.14077176e-03 5.87057555e-03 -6.46253824e-02 3.12020071e-03 9.99988973e-01 3.50995525e-03 -1.66635484e-01 -5.88153489e-03 -3.49156000e-03 9.99976635e-01 1.01551256e+01
1.92000000e+02 9.99966741e-01 -5.06465230e-03 6.39017532e-03 -6.51484206e-02 5.05475467e-03 9.99985993e-01 1.56409561e-03 -1.68387398e-01 -6.39800727e-03 -1.53174286e-03 9.99978364e-01 1.02691956e+01
1.95000000e+02 9.99958694e-01 -9.42639890e-04 9.03683715e-03 -6.57917410e-02 9.31007031e-04 9.99998748e-01 1.29138608e-03 -1.71674728e-01 -9.03804321e-03 -1.28291931e-03 9.99958336e-01 1.04384737e+01
1.98000000e+02 9.99940455e-01 -5.49269025e-04 1.08963056e-02 -6.60454035e-02 5.52504847e-04 9.99999821e-01 -2.93956953e-04 -1.73544019e-01 -1.08961416e-02 2.99959705e-04 9.99940574e-01 1.06098909e+01
2.00000000e+02 9.99916971e-01 -1.31798151e-03 1.28178075e-02 -6.60814643e-02 1.32642104e-03 9.99998927e-01 -6.49942842e-04 -1.75736725e-01 -1.28169367e-02 6.66890701e-04 9.99917626e-01 1.07240286e+01
2.02000000e+02 9.99896109e-01 -3.46716330e-03 1.39911501e-02 -6.57271594e-02 3.45932366e-03 9.99993861e-01 5.84484136e-04 -1.77922308e-01 -1.39930909e-02 -5.36023523e-04 9.99901950e-01 1.08381882e+01
2.04000000e+02 9.99898911e-01 -4.57003945e-03 1.34649407e-02 -6.52925074e-02 4.62570740e-03 9.99980867e-01 -4.10604989e-03 -1.80164218e-01 -1.34459184e-02 4.16791951e-03 9.99900937e-01 1.09525051e+01
2.06000000e+02 9.99912858e-01 -6.39025774e-03 1.15506621e-02 -6.50662631e-02 6.43689511e-03 9.99971271e-01 -4.00498556e-03 -1.82805523e-01 -1.15247378e-02 4.07898705e-03 9.99925256e-01 1.10678930e+01
2.08000000e+02 9.99933481e-01 -5.85436169e-03 9.93961934e-03 -6.52868226e-02 5.90491435e-03 9.99969721e-01 -5.06427186e-03 -1.85449466e-01 -9.90966987e-03 5.12262760e-03 9.99937773e-01 1.11820612e+01
2.10000000e+02 9.99945760e-01 -6.42930856e-03 8.19230825e-03 -6.48651570e-02 6.46727206e-03 9.99968410e-01 -4.61601326e-03 -1.87932432e-01 -8.16237181e-03 4.66874521e-03 9.99955773e-01 1.12950096e+01
2.12000000e+02 9.99962568e-01 -5.46565140e-03 6.70862291e-03 -6.56800717e-02 5.47901308e-03 9.99983013e-01 -1.97499827e-03 -1.90026522e-01 -6.69771433e-03 2.01168098e-03 9.99975562e-01 1.14056425e+01
2.14000000e+02 9.99953747e-01 -4.66072839e-03 8.41283053e-03 -6.64229169e-02 4.67478950e-03 9.99987721e-01 -1.65248907e-03 -1.92672729e-01 -8.40502605e-03 1.69174082e-03 9.99963224e-01 1.15171719e+01
2.16000000e+02 9.99930918e-01 -7.47785065e-03 9.07185953e-03 -6.68902025e-02 7.50357332e-03 9.99967933e-01 -2.80468073e-03 -1.95190996e-01 -9.05059557e-03 2.87255808e-03 9.99954939e-01 1.16297665e+01
2.18000000e+02 9.99909103e-01 -9.52166412e-03 9.54862311e-03 -6.70646280e-02 9.57695954e-03 9.99937534e-01 -5.76203410e-03 -1.97599396e-01 -9.49316286e-03 5.85295679e-03 9.99937832e-01 1.17451763e+01
2.20000000e+02 9.99952734e-01 -8.04272760e-03 5.46020363e-03 -6.75881505e-02 8.07463005e-03 9.99950290e-01 -5.84598025e-03 -2.00614482e-01 -5.41291479e-03 5.88979293e-03 9.99967992e-01 1.18602476e+01
2.22000000e+02 9.99949932e-01 -8.22107680e-03 5.70072373e-03 -6.85212091e-02 8.22023954e-03 9.99966204e-01 1.70380983e-04 -2.03041658e-01 -5.70193166e-03 -1.23511141e-04 9.99983728e-01 1.19761419e+01
2.24000000e+02 9.99931931e-01 -9.98429954e-03 6.03802223e-03 -6.90421537e-02 9.98595636e-03 9.99950111e-01 -2.44371040e-04 -2.05135792e-01 -6.03528088e-03 3.04649817e-04 9.99981761e-01 1.20920525e+01
2.26000000e+02 9.99917209e-01 -1.11873522e-02 6.36049500e-03 -6.92327172e-02 1.11867301e-02 9.99937415e-01 1.33305613e-04 -2.07478717e-01 -6.36158837e-03 -6.21414292e-05 9.99979734e-01 1.22080870e+01
2.28000000e+02 9.99924481e-01 -9.60479304e-03 7.66950101e-03 -6.99618906e-02 9.61066410e-03 9.99953568e-01 -7.28999847e-04 -2.10134342e-01 -7.66214263e-03 8.02653783e-04 9.99970317e-01 1.23243227e+01
2.30000000e+02 9.99911845e-01 -9.44624748e-03 9.32872854e-03 -7.05621094e-02 9.44093615e-03 9.99955237e-01 6.13219861e-04 -2.12592483e-01 -9.33410320e-03 -5.25093870e-04 9.99956310e-01 1.24400730e+01
2.32000000e+02 9.99891520e-01 -1.12858443e-02 9.46241803e-03 -7.09398389e-02 1.12868631e-02 9.99936283e-01 -5.42502748e-05 -2.14993790e-01 -9.46120359e-03 1.61045420e-04 9.99955237e-01 1.25550089e+01
2.35000000e+02 9.99939859e-01 -6.53623836e-03 8.80519114e-03 -7.16705024e-02 6.57806359e-03 9.99967158e-01 -4.72948095e-03 -2.18640551e-01 -8.77398904e-03 4.78711724e-03 9.99950051e-01 1.27266750e+01
2.37000000e+02 9.99963164e-01 -4.39818157e-03 7.36804819e-03 -7.24540725e-02 4.40470595e-03 9.99989927e-01 -8.69514304e-04 -2.21477091e-01 -7.36414967e-03 9.01936379e-04 9.99972463e-01 1.28404512e+01
2.39000000e+02 9.99984622e-01 -2.77916738e-03 4.79350751e-03 -7.29827657e-02 2.77576060e-03 9.99995887e-01 7.17201503e-04 -2.23798275e-01 -4.79548099e-03 -7.03884871e-04 9.99988258e-01 1.29557257e+01
2.41000000e+02 9.99986589e-01 -5.09830425e-03 8.90743861e-04 -7.36106411e-02 5.09785535e-03 9.99986887e-01 5.05535456e-04 -2.26232916e-01 -8.93309538e-04 -5.00987808e-04 9.99999464e-01 1.30698175e+01
2.43000000e+02 9.99983370e-01 -5.76991169e-03 -4.54132278e-05 -7.51194283e-02 5.76992100e-03 9.99983311e-01 2.08234051e-04 -2.28727639e-01 4.42109776e-05 -2.08492624e-04 1.00000000e+00 1.31838551e+01
2.45000000e+02 9.99977052e-01 -6.73690205e-03 -7.34553614e-04 -7.64036402e-02 6.73594046e-03 9.99976456e-01 -1.30390271e-03 -2.30583593e-01 7.43320561e-04 1.29892491e-03 9.99998868e-01 1.32985048e+01
2.47000000e+02 9.99970317e-01 -7.69135868e-03 -4.32767265e-04 -7.79111311e-02 7.69061083e-03 9.99968946e-01 -1.70420669e-03 -2.33363628e-01 4.45861515e-04 1.70082785e-03 9.99998450e-01 1.34125681e+01
2.49000000e+02 9.99964356e-01 -8.43391195e-03 -3.50539689e-04 -7.91893899e-02 8.43320508e-03 9.99962509e-01 -1.97148323e-03 -2.36061200e-01 3.67153873e-04 1.96845690e-03 9.99997973e-01 1.35263357e+01
2.51000000e+02 9.99952853e-01 -9.70390160e-03 -3.86308675e-04 -8.05458948e-02 9.70223453e-03 9.99944508e-01 -4.10600286e-03 -2.38573432e-01 4.26131504e-04 4.10206104e-03 9.99991477e-01 1.36405573e+01
2.53000000e+02 9.99919713e-01 -1.26640815e-02 -4.36912786e-04 -8.15857798e-02 1.26633421e-02 9.99918461e-01 -1.65589619e-03 -2.40988076e-01 4.57847549e-04 1.65023049e-03 9.99998510e-01 1.37541943e+01
2.55000000e+02 9.99929368e-01 -1.18855573e-02 1.49468571e-04 -8.31460729e-02 1.18859932e-02 9.99923706e-01 -3.36462026e-03 -2.43272662e-01 -1.09466790e-04 3.36615904e-03 9.99994338e-01 1.38680429e+01
2.57000000e+02 9.99952674e-01 -9.68967285e-03 8.59470747e-04 -8.47844332e-02 9.69071686e-03 9.99952316e-01 -1.21907657e-03 -2.46048540e-01 -8.47617339e-04 1.22734776e-03 9.99998868e-01 1.39821186e+01
2.59000000e+02 9.99943495e-01 -1.05919205e-02 9.29390313e-04 -8.58808458e-02 1.05938623e-02 9.99941647e-01 -2.11032596e-03 -2.48521760e-01 -9.06983681e-04 2.12005246e-03 9.99997318e-01 1.40981007e+01
2.61000000e+02 9.99950945e-01 -9.80618782e-03 1.41067628e-03 -8.70496035e-02 9.80921928e-03 9.99949574e-01 -2.15799618e-03 -2.51331121e-01 -1.38944341e-03 2.17172806e-03 9.99996662e-01 1.42136402e+01
2.63000000e+02 9.99974072e-01 -7.07305362e-03 1.34628615e-03 -8.81253108e-02 7.07555609e-03 9.99973238e-01 -1.86310138e-03 -2.53492922e-01 -1.33307232e-03 1.87257875e-03 9.99997377e-01 1.43304596e+01
2.65000000e+02 9.99988377e-01 -3.61691136e-03 3.18181119e-03 -9.01082605e-02 3.62944230e-03 9.99985635e-01 -3.94135201e-03 -2.56039709e-01 -3.16751003e-03 3.95285478e-03 9.99987185e-01 1.44467983e+01
2.66000000e+02 9.99989867e-01 -3.44402832e-03 2.89411331e-03 -9.01255161e-02 3.45508428e-03 9.99986708e-01 -3.82383354e-03 -2.57394254e-01 -2.88090529e-03 3.83379427e-03 9.99988496e-01 1.45048170e+01
2.68000000e+02 9.99990821e-01 -1.83142163e-03 3.87255941e-03 -9.16031748e-02 1.84014731e-03 9.99995768e-01 -2.25084112e-03 -2.60094434e-01 -3.86842084e-03 2.25794641e-03 9.99989986e-01 1.46206369e+01
2.70000000e+02 9.99986470e-01 7.18003954e-04 5.15068369e-03 -9.27149802e-02 -7.04657345e-04 9.99996364e-01 -2.59257946e-03 -2.62860268e-01 -5.15252678e-03 2.58891494e-03 9.99983370e-01 1.47352152e+01
