0.00000000e+00 9.99781370e-01 7.72611747e-05 -2.09104680e-02 3.92608419e-02 -3.01949622e-05 9.99997437e-01 2.25115079e-03 9.82960570e-04 2.09105890e-02 -2.25002714e-03 9.99778807e-01 -7.35872379e-03
1.00000000e+00 9.99755681e-01 -2.18214327e-03 -2.19963603e-02 3.72818597e-02 2.30180984e-03 9.99982655e-01 5.41644404e-03 1.48961408e-04 2.19841599e-02 -5.46575198e-03 9.99743402e-01 5.31238578e-02
2.00000000e+00 9.99732137e-01 -2.20646150e-03 -2.30378602e-02 3.51524763e-02 2.35593715e-03 9.99976337e-01 6.46314025e-03 -5.34366816e-04 2.30230540e-02 -6.51568500e-03 9.99713719e-01 1.13736533e-01
4.00000000e+00 9.99670386e-01 -1.43857163e-04 -2.56723370e-02 3.11291367e-02 2.98784085e-04 9.99981761e-01 6.03104709e-03 -1.45620562e-03 2.56710015e-02 -6.03673002e-03 9.99652207e-01 2.34441057e-01
5.00000000e+00 9.99634087e-01 -2.22246614e-04 -2.70491596e-02 2.92675123e-02 3.91517446e-04 9.99980390e-01 6.25276146e-03 -1.96611905e-03 2.70472392e-02 -6.26106374e-03 9.99614537e-01 2.94279277e-01
6.00000000e+00 9.99587834e-01 -5.16585307e-04 -2.87031513e-02 2.70539001e-02 7.13814632e-04 9.99976218e-01 6.86152698e-03 -2.62725470e-03 2.86989231e-02 -6.87918765e-03 9.99564409e-01 3.53813589e-01
7.00000000e+00 9.99533355e-01 -2.20135320e-03 -3.04672234e-02 2.53171325e-02 2.38632504e-03 9.99978960e-01 6.03614608e-03 -3.12633277e-03 3.04532927e-02 -6.10603392e-03 9.99517560e-01 4.14340645e-01
8.00000000e+00 9.99498010e-01 -3.64158116e-03 -3.14723738e-02 2.29227357e-02 3.83702712e-03 9.99973714e-01 6.15191692e-03 -3.45554785e-03 3.14491428e-02 -6.26958860e-03 9.99485672e-01 4.74084646e-01
9.00000000e+00 9.99451637e-01 -3.09967925e-03 -3.29666734e-02 2.08232440e-02 3.30486847e-03 9.99975502e-01 6.17147330e-03 -4.13617771e-03 3.29467356e-02 -6.27703965e-03 9.99437392e-01 5.34012020e-01
1.00000000e+01 9.99425888e-01 -2.51014554e-03 -3.37880999e-02 1.82745941e-02 2.73484155e-03 9.99974430e-01 6.60557859e-03 -4.90030088e-03 3.37706544e-02 -6.69419160e-03 9.99407172e-01 5.93309581e-01
1.10000000e+01 9.99401212e-01 -1.28423737e-03 -3.45768631e-02 1.63204633e-02 1.52824481e-03 9.99974132e-01 7.03145331e-03 -5.32236090e-03 3.45669389e-02 -7.08008511e-03 9.99377310e-01 6.52162075e-01
1.30000000e+01 9.99359071e-01 1.28942914e-03 -3.57745588e-02 1.14416480e-02 -9.83030186e-04 9.99962687e-01 8.58098548e-03 -5.66416979e-03 3.57842892e-02 -8.54031835e-03 9.99323070e-01 7.68611908e-01
1.50000000e+01 9.99315143e-01 2.42235768e-03 -3.69246081e-02 6.94870576e-03 -2.12028879e-03 9.99963999e-01 8.21765605e-03 -5.77149075e-03 3.69431861e-02 -8.13373737e-03 9.99284267e-01 8.84585500e-01
1.70000000e+01 9.99315739e-01 3.68395285e-03 -3.68029773e-02 2.14487687e-03 -3.32388282e-03 9.99946058e-01 9.84011777e-03 -6.42539933e-03 3.68372425e-02 -9.71105509e-03 9.99274075e-01 1.00019848e+00
1.90000000e+01 9.99315619e-01 4.93361242e-03 -3.66601869e-02 -2.35521793e-03 -4.68337489e-03 9.99965191e-01 6.90861326e-03 -7.56294839e-03 3.66929956e-02 -6.73219142e-03 9.99303937e-01 1.11500597e+00
2.10000000e+01 9.99339640e-01 2.00529979e-03 -3.62805240e-02 -6.91428408e-03 -1.67528319e-03 9.99956965e-01 9.12436470e-03 -8.22280999e-03 3.62972580e-02 -9.05756000e-03 9.99300003e-01 1.22789979e+00
2.30000000e+01 9.99352515e-01 -4.75580833e-04 -3.59759256e-02 -1.12916157e-02 8.30911391e-04 9.99951005e-01 9.86259151e-03 -9.05318465e-03 3.59694734e-02 -9.88609809e-03 9.99303997e-01 1.33941317e+00
2.50000000e+01 9.99384820e-01 -2.18988251e-04 -3.50701697e-02 -1.57559365e-02 4.75322449e-04 9.99973238e-01 7.30100973e-03 -9.99244675e-03 3.50676328e-02 -7.31318817e-03 9.99358177e-01 1.44837129e+00
2.70000000e+01 9.99459624e-01 1.12509949e-03 -3.28519158e-02 -2.01385859e-02 -8.80996755e-04 9.99971926e-01 7.44392490e-03 -1.09020937e-02 3.28593664e-02 -7.41095981e-03 9.99432504e-01 1.55495501e+00
2.90000000e+01 9.99557793e-01 1.25098112e-03 -2.97100339e-02 -2.38272138e-02 -9.36999044e-04 9.99943614e-01 1.05797872e-02 -1.18239000e-02 2.97215935e-02 -1.05472701e-02 9.99502540e-01 1.66014290e+00
3.10000000e+01 9.99709487e-01 1.61471497e-03 -2.40479913e-02 -2.68437304e-02 -1.35719171e-03 9.99941587e-01 1.07212011e-02 -1.28447656e-02 2.40638983e-02 -1.06854485e-02 9.99653339e-01 1.76125491e+00
3.30000000e+01 9.99852002e-01 8.31064070e-04 -1.71827860e-02 -2.91036610e-02 -7.12080742e-04 9.99975741e-01 6.92952517e-03 -1.33240437e-02 1.71881281e-02 -6.91626454e-03 9.99828339e-01 1.85982633e+00
3.50000000e+01 9.99970496e-01 1.45399221e-03 -7.54156196e-03 -3.06208171e-02 -1.39696314e-03 9.99970436e-01 7.56172370e-03 -1.44292591e-02 7.55233364e-03 -7.55096553e-03 9.99942958e-01 1.95613778e+00
3.70000000e+01 9.99971449e-01 4.20803623e-03 6.27340749e-03 -3.07870004e-02 -4.24991501e-03 9.99968648e-01 6.67730905e-03 -1.52762942e-02 -6.24511251e-03 -6.70378003e-03 9.99958038e-01 2.05107260e+00
3.90000000e+01 9.99652743e-01 7.86485150e-03 2.51510311e-02 -2.98535563e-02 -8.07865988e-03 9.99931991e-01 8.41067731e-03 -1.62233524e-02 -2.50831712e-02 -8.61094333e-03 9.99648273e-01 2.14335179e+00
4.10000000e+01 9.98511016e-01 1.19485483e-02 5.32253645e-02 -2.68468410e-02 -1.24228811e-02 9.99885917e-01 8.58985353e-03 -1.69053711e-02 -5.31166568e-02 -9.23827663e-03 9.98545587e-01 2.23565674e+00
4.30000000e+01 9.96062636e-01 1.46288108e-02 8.74367431e-02 -2.11703181e-02 -1.56173091e-02 9.99821544e-01 1.06319003e-02 -1.73458569e-02 -8.72656107e-02 -1.19555658e-02 9.96113360e-01 2.32362294e+00
4.60000000e+01 9.88938689e-01 1.05228238e-02 1.47951290e-01 -5.50761819e-03 -1.18877301e-02 9.99894500e-01 8.34411569e-03 -1.80236679e-02 -1.47847876e-01 -1.00106234e-02 9.88959432e-01 2.45361376e+00
4.80000000e+01 9.81134713e-01 1.83984943e-04 1.93325132e-01 9.40078497e-03 -2.50508636e-03 9.99927700e-01 1.17618209e-02 -1.84930079e-02 -1.93308994e-01 -1.20242266e-02 9.81064260e-01 2.53668737e+00
5.00000000e+01 9.70110655e-01 -1.05425995e-02 2.42433831e-01 2.84770131e-02 8.50903429e-03 9.99919295e-01 9.43368021e-03 -1.90576501e-02 -2.42513716e-01 -7.08883582e-03 9.70122099e-01 2.61630297e+00
5.20000000e+01 9.55054879e-01 -1.72564182e-02 2.95926303e-01 5.14022708e-02 1.42479977e-02 9.99822617e-01 1.23197455e-02 -1.95618309e-02 -2.96086401e-01 -7.54967565e-03 9.55131352e-01 2.69299650e+00
5.40000000e+01 9.35486317e-01 -2.45633218e-02 3.52508098e-01 7.80020952e-02 2.06899643e-02 9.99677122e-01 1.47520360e-02 -1.99429244e-02 -3.52756649e-01 -6.50694827e-03 9.35692489e-01 2.76674795e+00
5.70000000e+01 8.98024499e-01 -2.70916689e-02 4.39110518e-01 1.25436068e-01 2.85928473e-02 9.99586046e-01 3.19595425e-03 -2.05590501e-02 -4.39015299e-01 9.68537387e-03 8.98427367e-01 2.87005377e+00
5.90000000e+01 8.65712345e-01 -2.65740901e-02 4.99835938e-01 1.62441969e-01 2.38618292e-02 9.99645412e-01 1.18182544e-02 -2.09605824e-02 -4.99972761e-01 1.69579126e-03 8.66039455e-01 2.93775797e+00
6.10000000e+01 8.26195478e-01 -2.06249300e-02 5.63005865e-01 2.03055501e-01 1.78951100e-02 9.99786139e-01 1.03651863e-02 -2.11586729e-02 -5.63099265e-01 1.51138252e-03 8.26387882e-01 3.00055671e+00
6.30000000e+01 7.82969534e-01 -1.16805304e-02 6.21950328e-01 2.48011947e-01 1.42939463e-02 9.99897540e-01 7.83999392e-04 -2.13653091e-02 -6.21895790e-01 8.27627722e-03 7.83056319e-01 3.05966663e+00
6.50000000e+01 7.36252010e-01 -1.45005966e-02 6.76552057e-01 2.97137856e-01 1.54933576e-02 9.99869525e-01 4.56977123e-03 -2.22618654e-02 -6.76530063e-01 7.11755967e-03 7.36380637e-01 3.11505198e+00
6.70000000e+01 6.85793161e-01 -1.03187999e-02 7.27723360e-01 3.49172592e-01 1.60274152e-02 9.99871135e-01 -9.26204782e-04 -2.29944885e-02 -7.27620006e-01 1.22987088e-02 6.85870171e-01 3.16566825e+00
6.90000000e+01 6.31626070e-01 -6.20337483e-03 7.75248349e-01 4.05063510e-01 1.39445737e-02 9.99897122e-01 -3.36023886e-03 -2.38816682e-02 -7.75147796e-01 1.29329227e-02 6.31647587e-01 3.21322346e+00
7.10000000e+01 5.73280036e-01 9.33168922e-03 8.19306374e-01 4.64145303e-01 1.15113826e-02 9.99744713e-01 -1.94415096e-02 -2.51455046e-02 -8.19278657e-01 2.05767788e-02 5.73026299e-01 3.25734043e+00
7.30000000e+01 5.11531413e-01 2.27450673e-02 8.58963490e-01 5.27682424e-01 7.46519538e-03 9.99494255e-01 -3.09119616e-02 -2.74680182e-02 -8.59232128e-01 2.22247690e-02 5.11102915e-01 3.29721045e+00
7.50000000e+01 4.46567178e-01 2.11463068e-02 8.94500196e-01 5.94945669e-01 1.10085437e-03 9.99706924e-01 -2.41830200e-02 -3.01183444e-02 -8.94749463e-01 1.17840571e-02 4.46413010e-01 3.33285046e+00
7.70000000e+01 3.77421439e-01 2.54103616e-02 9.25692916e-01 6.64294481e-01 -1.03801265e-02 9.99676764e-01 -2.32090633e-02 -3.28881070e-02 -9.25983429e-01 -8.49211006e-04 3.77563208e-01 3.36413288e+00
7.90000000e+01 3.05887789e-01 2.70001367e-02 9.51684654e-01 7.37805247e-01 -1.80588681e-02 9.99582469e-01 -2.25546118e-02 -3.51860076e-02 -9.51896310e-01 -1.02871666e-02 3.06247652e-01 3.39054465e+00
8.10000000e+01 2.34063834e-01 2.59045102e-02 9.71876085e-01 8.14064562e-01 -1.82323642e-02 9.99586105e-01 -2.22520679e-02 -3.78326662e-02 -9.72050250e-01 -1.25111947e-02 2.34439269e-01 3.41077662e+00
8.30000000e+01 1.64583281e-01 2.38035228e-02 9.86075938e-01 8.93084109e-01 -7.95703847e-03 9.99708295e-01 -2.28045154e-02 -4.00990210e-02 -9.86331105e-01 -4.09300206e-03 1.64724663e-01 3.42497468e+00
8.50000000e+01 9.83709991e-02 3.19178626e-02 9.94637847e-01 9.72690344e-01 -4.77577792e-03 9.99489129e-01 -3.16012129e-02 -4.30504531e-02 -9.95138347e-01 -1.64152624e-03 9.84731838e-02 3.43431282e+00
8.70000000e+01 4.38138805e-02 3.40717882e-02 9.98458564e-01 1.05433416e+00 3.88595555e-03 9.99404907e-01 -3.42746042e-02 -4.59964611e-02 -9.99032140e-01 5.38166892e-03 4.36554030e-02 3.43858123e+00
8.90000000e+01 2.40391865e-03 2.85483841e-02 9.99589503e-01 1.13697958e+00 5.91589557e-03 9.99574482e-01 -2.85621826e-02 -4.91287559e-02 -9.99979615e-01 5.98212844e-03 2.23400653e-03 3.44000793e+00
9.10000000e+01 -2.81909425e-02 3.57525982e-02 9.98962998e-01 1.22029102e+00 1.08832745e-02 9.99311924e-01 -3.54579575e-02 -5.24967201e-02 -9.99543309e-01 9.87239555e-03 -2.85606496e-02 3.43762660e+00
9.30000000e+01 -4.89301421e-02 4.39565592e-02 9.97834504e-01 1.30365789e+00 2.13725977e-02 9.98848438e-01 -4.29531932e-02 -5.64078689e-02 -9.98573482e-01 1.92246083e-02 -4.98132631e-02 3.43340707e+00
9.50000000e+01 -5.83182201e-02 5.42644709e-02 9.96822119e-01 1.38707435e+00 2.67254300e-02 9.98248577e-01 -5.27785756e-02 -6.07569367e-02 -9.97940242e-01 2.35625487e-02 -5.96663207e-02 3.42828965e+00
9.70000000e+01 -6.38143644e-02 6.09600209e-02 9.96098161e-01 1.47197616e+00 2.99032964e-02 9.97801185e-01 -5.91485091e-02 -6.61455318e-02 -9.97513652e-01 2.60120947e-02 -6.54969513e-02 3.42272401e+00
9.90000000e+01 -6.78113699e-02 6.85333088e-02 9.95341539e-01 1.55723917e+00 3.19505110e-02 9.97275412e-01 -6.64897189e-02 -7.15338662e-02 -9.97186422e-01 2.72929128e-02 -6.98162913e-02 3.41618657e+00
1.02000000e+02 -7.44231865e-02 6.86767846e-02 9.94859159e-01 1.68614984e+00 3.37277576e-02 9.97228384e-01 -6.63172379e-02 -8.02858174e-02 -9.96656239e-01 2.86188256e-02 -7.65332282e-02 3.40659595e+00
1.04000000e+02 -7.88533390e-02 7.21126050e-02 9.94274557e-01 1.77220452e+00 3.29172499e-02 9.97024655e-01 -6.97014779e-02 -8.66819322e-02 -9.96342599e-01 2.72325892e-02 -8.09924677e-02 3.39951348e+00
1.07000000e+02 -8.54883865e-02 8.14101249e-02 9.93007600e-01 1.90393186e+00 2.69178823e-02 9.96481121e-01 -7.93775246e-02 -9.75740179e-02 -9.95975494e-01 1.99438054e-02 -8.73789564e-02 3.38774109e+00
1.09000000e+02 -9.07134041e-02 8.28405693e-02 9.92425561e-01 1.99288845e+00 2.26608217e-02 9.96447921e-01 -8.11049938e-02 -1.04715340e-01 -9.95619178e-01 1.51318684e-02 -9.22684222e-02 3.37988257e+00
1.13000000e+02 -1.00065909e-01 8.02033991e-02 9.91743028e-01 2.17038822e+00 1.92029662e-02 9.96715903e-01 -7.86680058e-02 -1.19523443e-01 -9.94795501e-01 1.11724231e-02 -1.01277426e-01 3.36349988e+00
1.15000000e+02 -1.00965582e-01 8.39338973e-02 9.91343081e-01 2.26064610e+00 1.89372841e-02 9.96416509e-01 -8.24347436e-02 -1.27138495e-01 -9.94709671e-01 1.04502738e-02 -1.02193259e-01 3.35450959e+00
1.17000000e+02 -1.00910366e-01 8.14112201e-02 9.91559029e-01 2.35238647e+00 1.22228712e-02 9.96672630e-01 -8.05871561e-02 -1.35654896e-01 -9.94820416e-01 3.98761872e-03 -1.01569682e-01 3.34551764e+00
1.19000000e+02 -1.01337977e-01 8.31338093e-02 9.91372466e-01 2.44476223e+00 4.18859394e-03 9.96529222e-01 -8.31380859e-02 -1.43557549e-01 -9.94843245e-01 -4.27258806e-03 -1.01334468e-01 3.33680105e+00
1.21000000e+02 -1.02286234e-01 7.77393654e-02 9.91712689e-01 2.53817201e+00 9.76974494e-04 9.96949017e-01 -7.80490711e-02 -1.51390359e-01 -9.94754553e-01 -7.01446738e-03 -1.02050111e-01 3.32822704e+00
1.23000000e+02 -1.02056108e-01 6.30513206e-02 9.92778480e-01 2.63199639e+00 9.73699428e-03 9.98004854e-01 -6.23823032e-02 -1.59008399e-01 -9.94731009e-01 3.30018369e-03 -1.02466419e-01 3.31820774e+00
1.25000000e+02 -9.97505113e-02 7.09848478e-02 9.92477179e-01 2.72681332e+00 2.39724144e-02 9.97333944e-01 -6.89228252e-02 -1.65360332e-01 -9.94723678e-01 1.69169884e-02 -1.01186246e-01 3.30765462e+00
1.27000000e+02 -9.81759503e-02 8.10893700e-02 9.91859853e-01 2.82087421e+00 2.85047758e-02 9.96494949e-01 -7.86468536e-02 -1.72533959e-01 -9.94760752e-01 2.05515139e-02 -1.00143269e-01 3.29802871e+00
1.29000000e+02 -9.77717265e-02 7.36298189e-02 9.92481411e-01 2.91702485e+00 2.50554439e-02 9.97125447e-01 -7.15060756e-02 -1.80326074e-01 -9.94893432e-01 1.78757906e-02 -9.93355066e-02 3.28845882e+00
1.31000000e+02 -9.78235379e-02 7.21861571e-02 9.92582321e-01 3.01321554e+00 2.09835414e-02 9.97293830e-01 -7.04607815e-02 -1.87729299e-01 -9.94982541e-01 1.39351692e-02 -9.90735292e-02 3.27990294e+00
1.33000000e+02 -9.61170793e-02 8.06041732e-02 9.92101014e-01 3.11148381e+00 2.08630059e-02 9.96659994e-01 -7.89533108e-02 -1.94912344e-01 -9.95151341e-01 1.31094474e-02 -9.74776894e-02 3.26934981e+00
1.35000000e+02 -9.49151441e-02 7.31178746e-02 9.92796481e-01 3.21068954e+00 2.28199996e-02 9.97196674e-01 -7.12602586e-02 -2.02430680e-01 -9.95223761e-01 1.58919375e-02 -9.63176116e-02 3.25962734e+00
1.38000000e+02 -9.49705392e-02 7.73461312e-02 9.92470741e-01 3.35996127e+00 1.91648994e-02 9.96934295e-01 -7.58600757e-02 -2.14147538e-01 -9.95295584e-01 1.18161300e-02 -9.61617157e-02 3.24608088e+00
1.40000000e+02 -9.47126076e-02 7.38656819e-02 9.92760479e-01 3.46153116e+00 1.74145512e-02 9.97213781e-01 -7.25356266e-02 -2.21554935e-01 -9.95352328e-01 1.04184402e-02 -9.57350507e-02 3.23689985e+00
1.42000000e+02 -9.25452188e-02 7.32523203e-02 9.93010342e-01 3.56397271e+00 1.89726893e-02 9.97238874e-01 -7.17960596e-02 -2.29641095e-01 -9.95527685e-01 1.21956933e-02 -9.36794803e-02 3.22695875e+00
1.44000000e+02 -9.01955068e-02 7.29006231e-02 9.93252397e-01 3.66680479e+00 2.10187696e-02 9.97234583e-01 -7.12842196e-02 -2.37266302e-01 -9.95702267e-01 1.44474264e-02 -9.14783627e-02 3.21728039e+00
1.47000000e+02 -8.58638138e-02 7.03744367e-02 9.93818343e-01 3.82170200e+00 2.09577754e-02 9.97409046e-01 -6.88179955e-02 -2.49286860e-01 -9.96086419e-01 1.49192465e-02 -8.71162340e-02 3.20256090e+00
1.49000000e+02 -8.26539397e-02 7.06234872e-02 9.94072735e-01 3.92526340e+00 2.01592091e-02 9.97400224e-01 -6.91837147e-02 -2.56989539e-01 -9.96374369e-01 1.43214138e-02 -8.38627741e-02 3.19349909e+00
1.51000000e+02 -7.98951387e-02 7.23711699e-02 9.94172633e-01 4.02983665e+00 1.82374697e-02 9.97300088e-01 -7.11332113e-02 -2.64633417e-01 -9.96636450e-01 1.24479951e-02 -8.09992924e-02 3.18499255e+00
1.52000000e+02 -7.91513473e-02 7.09794834e-02 9.94332433e-01 4.08255005e+00 1.49359871e-02 9.97434318e-01 -7.00119734e-02 -2.68707961e-01 -9.96750712e-01 9.30979475e-03 -8.00084248e-02 3.18081331e+00
1.53000000e+02 -8.00958201e-02 7.24760145e-02 9.94148850e-01 4.13763237e+00 1.14389751e-02 9.97354329e-01 -7.17880949e-02 -2.72363901e-01 -9.96721506e-01 5.62211731e-03 -8.07129666e-02 3.17807031e+00
1.55000000e+02 -8.05670917e-02 6.95399791e-02 9.94320452e-01 4.24272633e+00 7.39686796e-03 9.97577548e-01 -6.91684261e-02 -2.80640423e-01 -9.96721745e-01 1.78215839e-03 -8.08862969e-02 3.16918445e+00
1.57000000e+02 -8.30478892e-02 6.70865029e-02 9.94284868e-01 4.34922266e+00 2.21997709e-03 9.97741461e-01 -6.71343058e-02 -2.88624257e-01 -9.96543109e-01 -3.36807244e-03 -8.30092579e-02 3.16053176e+00
1.59000000e+02 -8.74253586e-02 6.56729937e-02 9.94003952e-01 4.45609760e+00 1.08936813e-03 9.97830272e-01 -6.58299774e-02 -2.96579182e-01 -9.96170461e-01 -4.67237318e-03 -8.73072073e-02 3.15174365e+00
1.61000000e+02 -9.56188589e-02 6.07699864e-02 9.93561268e-01 4.56317425e+00 -2.18687276e-03 9.98119473e-01 -6.12592474e-02 -3.03900301e-01 -9.95415628e-01 -8.03033076e-03 -9.53061506e-02 3.14330506e+00
1.63000000e+02 -1.08122505e-01 7.03543499e-02 9.91644979e-01 4.66899538e+00 -5.21624833e-03 9.97438848e-01 -7.13341534e-02 -3.11275601e-01 -9.94123876e-01 -1.28854932e-02 -1.07478596e-01 3.13273597e+00
1.65000000e+02 -1.27886236e-01 6.40343949e-02 9.89719510e-01 4.77468300e+00 -4.82282485e-04 9.97909427e-01 -6.46265969e-02 -3.19357067e-01 -9.91788745e-01 -8.74217600e-03 -1.27587989e-01 3.11964774e+00
1.67000000e+02 -1.55287340e-01 6.51857555e-02 9.85716343e-01 4.87834644e+00 2.28693988e-03 9.97841597e-01 -6.56273216e-02 -3.27011645e-01 -9.87866700e-01 -7.93681946e-03 -1.55101240e-01 3.10486460e+00
1.69000000e+02 -1.85753122e-01 6.60615712e-02 9.80373204e-01 4.98235798e+00 6.97951345e-03 9.97800946e-01 -6.59134984e-02 -3.34443182e-01 -9.82571661e-01 -5.40111074e-03 -1.85805723e-01 3.08746862e+00
1.71000000e+02 -2.16216028e-01 7.23963231e-02 9.73657727e-01 5.08328342e+00 6.85779937e-03 9.97335076e-01 -7.26339668e-02 -3.43405813e-01 -9.76321459e-01 -9.02747922e-03 -2.16136321e-01 3.06633139e+00
1.73000000e+02 -2.47875825e-01 6.53582141e-02 9.66584623e-01 5.18542290e+00 -2.08688690e-03 9.97683406e-01 -6.79962113e-02 -3.51185679e-01 -9.68789577e-01 -1.88717712e-02 -2.47165203e-01 3.04194927e+00
1.75000000e+02 -2.78884917e-01 6.30571470e-02 9.58252072e-01 5.28479385e+00 -7.75706396e-03 9.97661412e-01 -6.79080263e-02 -3.58835816e-01 -9.60293174e-01 -2.63717473e-02 -2.77743578e-01 3.01513577e+00
1.77000000e+02 -3.06893229e-01 6.76980391e-02 9.49333191e-01 5.38124800e+00 -5.80729824e-03 9.97315228e-01 -7.29970336e-02 -3.66644442e-01 -9.51726258e-01 -2.79153567e-02 -3.05676132e-01 2.98521137e+00
1.79000000e+02 -3.35293025e-01 6.54598549e-02 9.39836979e-01 5.47774124e+00 -3.26606841e-03 9.97496426e-01 -7.06410408e-02 -3.75002921e-01 -9.42108214e-01 -2.67550200e-02 -3.34239811e-01 2.95232844e+00
1.81000000e+02 -3.65389347e-01 6.40908629e-02 9.28645790e-01 5.57224178e+00 -6.50884770e-03 9.97426629e-01 -7.13988021e-02 -3.84017736e-01 -9.30832028e-01 -3.21327783e-02 -3.64031911e-01 2.91751337e+00
1.83000000e+02 -3.95184845e-01 6.74414188e-02 9.16122615e-01 5.66655779e+00 -5.45721827e-03 9.97111320e-01 -7.57575557e-02 -3.92498761e-01 -9.18585420e-01 -3.49377207e-02 -3.93675238e-01 2.87866235e+00
1.85000000e+02 -4.24802154e-01 7.32327029e-02 9.02319312e-01 5.76076412e+00 -3.37776565e-03 9.96587515e-01 -8.24737698e-02 -4.01045084e-01 -9.05279934e-01 -3.80828604e-02 -4.23105150e-01 2.83612967e+00
1.87000000e+02 -4.55247730e-01 7.32239857e-02 8.87348711e-01 5.85503483e+00 -2.77114869e-03 9.96491194e-01 -8.36521313e-02 -4.10308391e-01 -8.90360475e-01 -4.05414216e-02 -4.53447431e-01 2.78954697e+00
1.89000000e+02 -4.87368762e-01 6.95643127e-02 8.70420873e-01 5.94786215e+00 -5.23334416e-03 9.96571004e-01 -8.25765431e-02 -4.19411689e-01 -8.73180568e-01 -4.48004380e-02 -4.85333502e-01 2.74014664e+00
1.90000000e+02 -5.03692329e-01 6.89724088e-02 8.61125350e-01 5.99409771e+00 -6.50080992e-03 9.96476829e-01 -8.36159587e-02 -4.23601776e-01 -8.63858640e-01 -4.77147289e-02 -5.01469374e-01 2.71417356e+00
1.92000000e+02 -5.35247862e-01 6.74594641e-02 8.41997027e-01 6.08333635e+00 -7.86540192e-03 9.96364653e-01 -8.48270953e-02 -4.33075845e-01 -8.44658434e-01 -5.20261675e-02 -5.32771468e-01 2.65909433e+00
1.94000000e+02 -5.66232860e-01 6.47111535e-02 8.21701169e-01 6.17239094e+00 -8.21177382e-03 9.96420979e-01 -8.41295272e-02 -4.41989899e-01 -8.24204445e-01 -5.43845221e-02 -5.63674867e-01 2.60017681e+00
1.95000000e+02 -5.81674099e-01 6.11987263e-02 8.11116517e-01 6.21645641e+00 -8.15986842e-03 9.96676564e-01 -8.10508952e-02 -4.46719378e-01 -8.13381016e-01 -5.37638105e-02 -5.79241514e-01 2.56934953e+00
1.96000000e+02 -5.96751928e-01 5.94534986e-02 8.00220251e-01 6.25998592e+00 -7.23742088e-03 9.96812046e-01 -7.94567615e-02 -4.51378077e-01 -8.02393138e-01 -5.32075055e-02 -5.94419181e-01 2.53733468e+00
1.97000000e+02 -6.11653686e-01 5.82108386e-02 7.88981140e-01 6.30215549e+00 -7.58731319e-03 9.96811867e-01 -7.94265643e-02 -4.55945581e-01 -7.91089237e-01 -5.45677990e-02 -6.09261990e-01 2.50521994e+00
1.98000000e+02 -6.26722336e-01 5.87892756e-02 7.77021825e-01 6.34405851e+00 -9.17780958e-03 9.96523976e-01 -8.27993006e-02 -4.60937351e-01 -7.79188633e-01 -5.90235256e-02 -6.24004245e-01 2.47228980e+00
2.00000000e+02 -6.58584058e-01 5.50677776e-02 7.50489593e-01 6.42736053e+00 -1.33030182e-02 9.96310949e-01 -8.47790390e-02 -4.70214188e-01 -7.52389610e-01 -6.58179000e-02 -6.55421913e-01 2.40330291e+00
2.02000000e+02 -6.92234993e-01 4.49283496e-02 7.20272243e-01 6.50779057e+00 -1.78521704e-02 9.96688724e-01 -7.93276131e-02 -4.79930282e-01 -7.21451283e-01 -6.77717701e-02 -6.89140797e-01 2.32972336e+00
2.04000000e+02 -7.27804482e-01 3.88153419e-02 6.84685290e-01 6.58682632e+00 -2.23191753e-02 9.96527374e-01 -8.02186728e-02 -4.89263713e-01 -6.85421348e-01 -7.36651197e-02 -7.24410772e-01 2.25083017e+00
2.06000000e+02 -7.61056244e-01 3.86134610e-02 6.47535622e-01 6.66067982e+00 -1.98790580e-02 9.96369660e-01 -8.27790201e-02 -4.99199390e-01 -6.48381174e-01 -7.58718848e-02 -7.57525742e-01 2.16811061e+00
2.08000000e+02 -7.91914523e-01 3.89063470e-02 6.09391272e-01 6.73161316e+00 -1.27201183e-02 9.96700525e-01 -8.01639706e-02 -5.09164691e-01 -6.10499442e-01 -7.12345466e-02 -7.88806736e-01 2.08142090e+00
2.10000000e+02 -8.20912600e-01 4.17621881e-02 5.69524705e-01 6.79746485e+00 -9.86610819e-03 9.96136189e-01 -8.72658193e-02 -5.19130826e-01 -5.70968568e-01 -7.72566050e-02 -8.17328751e-01 1.99149764e+00
2.12000000e+02 -8.46431375e-01 4.02670018e-02 5.30973196e-01 6.85951328e+00 -5.95679879e-03 9.96358395e-01 -8.50558653e-02 -5.28942108e-01 -5.32464504e-01 -7.51568526e-02 -8.43109131e-01 1.89745080e+00
2.14000000e+02 -8.66918504e-01 4.56682481e-02 4.96353447e-01 6.91672230e+00 6.10232528e-04 9.95890498e-01 -9.05635953e-02 -5.39531827e-01 -4.98449564e-01 -7.82083645e-02 -8.63383770e-01 1.80024493e+00
2.16000000e+02 -8.84989321e-01 4.08180207e-02 4.63818699e-01 6.97147655e+00 -1.92198437e-03 9.95821238e-01 -9.13037583e-02 -5.50552070e-01 -4.65607345e-01 -8.16942975e-02 -8.81212711e-01 1.70216310e+00
2.18000000e+02 -8.99326861e-01 3.66408341e-02 4.35739249e-01 7.02175903e+00 -3.47119896e-03 9.95853543e-01 -9.09044743e-02 -5.61559200e-01 -4.37263310e-01 -8.32653642e-02 -8.95470619e-01 1.60197365e+00
2.20000000e+02 -9.12031054e-01 2.91533712e-02 4.09083605e-01 7.07040262e+00 -6.88176556e-03 9.96241987e-01 -8.63398015e-02 -5.72614789e-01 -4.10063356e-01 -8.15597996e-02 -9.08403039e-01 1.50055063e+00
2.22000000e+02 -9.21889186e-01 2.63786223e-02 3.86554599e-01 7.11583376e+00 -4.94684232e-03 9.96797085e-01 -7.98194483e-02 -5.83044589e-01 -3.87421995e-01 -7.54969120e-02 -9.18805957e-01 1.39589059e+00
2.24000000e+02 -9.27745581e-01 3.53516787e-02 3.71535182e-01 7.15888786e+00 4.71410714e-03 9.96534288e-01 -8.30491185e-02 -5.93054593e-01 -3.73183459e-01 -7.52969980e-02 -9.24696982e-01 1.29122698e+00
2.26000000e+02 -9.31656480e-01 3.63397598e-02 3.61518532e-01 7.20083189e+00 6.26830989e-03 9.96445298e-01 -8.40086192e-02 -6.03485525e-01 -3.63286287e-01 -7.60010630e-02 -9.28572536e-01 1.18572056e+00
2.28000000e+02 -9.35758173e-01 2.28651483e-02 3.51900280e-01 7.24281931e+00 -5.13155619e-03 9.96907115e-01 -7.84208700e-02 -6.13468409e-01 -3.52604985e-01 -7.51887634e-02 -9.32746708e-01 1.08007371e+00
2.30000000e+02 -9.38957691e-01 1.34294629e-02 3.43770355e-01 7.28358841e+00 -1.60999335e-02 9.96427774e-01 -8.29002410e-02 -6.22933745e-01 -3.43655646e-01 -8.33745003e-02 -9.35387373e-01 9.74440336e-01
2.32000000e+02 -9.40021396e-01 1.50067909e-02 3.40785235e-01 7.32330322e+00 -1.57713555e-02 9.96051431e-01 -8.73657167e-02 -6.33305311e-01 -3.40750694e-01 -8.75002891e-02 -9.36073005e-01 8.68283629e-01
2.34000000e+02 -9.39414859e-01 1.82768125e-02 3.42294693e-01 7.36195421e+00 -1.35074332e-02 9.95828211e-01 -9.02428478e-02 -6.44307375e-01 -3.42516065e-01 -8.93990025e-02 -9.35248911e-01 7.62554407e-01
2.36000000e+02 -9.38485563e-01 1.97528359e-02 3.44753027e-01 7.40222406e+00 -1.27795627e-02 9.95692015e-01 -9.18372646e-02 -6.55059278e-01 -3.45081896e-01 -9.05937403e-02 -9.34190154e-01 6.57502413e-01
2.38000000e+02 -9.36641216e-01 1.77183989e-02 3.49841774e-01 7.44252300e+00 -1.55393938e-02 9.95634973e-01 -9.20298770e-02 -6.66466355e-01 -3.49945337e-01 -9.16353092e-02 -9.32277441e-01 5.54157734e-01
2.40000000e+02 -9.32666123e-01 1.38974926e-02 3.60472977e-01 7.48255014e+00 -1.85803957e-02 9.96080637e-01 -8.64761919e-02 -6.77376091e-01 -3.60261947e-01 -8.73511434e-02 -9.28752422e-01 4.50553656e-01
2.42000000e+02 -9.27209258e-01 1.39658293e-02 3.74283224e-01 7.52408791e+00 -1.84981506e-02 9.96377528e-01 -8.30037072e-02 -6.87955439e-01 -3.74086618e-01 -8.38853568e-02 -9.23592150e-01 3.48130465e-01
2.44000000e+02 -9.19728160e-01 1.70981679e-02 3.92183334e-01 7.56727505e+00 -1.78010538e-02 9.96206701e-01 -8.51781219e-02 -6.98331654e-01 -3.92152071e-01 -8.53219926e-02 -9.15934980e-01 2.46096134e-01
2.46000000e+02 -9.09944475e-01 2.04563737e-02 4.14225221e-01 7.61287737e+00 -1.65030379e-02 9.96205747e-01 -8.54501426e-02 -7.08572626e-01 -4.14401561e-01 -8.45908597e-02 -9.06154335e-01 1.43871069e-01
2.48000000e+02 -8.97580624e-01 2.47325953e-02 4.40156072e-01 7.66167784e+00 -1.49439108e-02 9.96144295e-01 -8.64479691e-02 -7.18796015e-01 -4.40597028e-01 -8.41716751e-02 -8.93750191e-01 4.35702801e-02
2.49000000e+02 -8.91356885e-01 2.35134568e-02 4.52692002e-01 7.68723488e+00 -1.62393302e-02 9.96356368e-01 -8.37276131e-02 -7.23967075e-01 -4.53011274e-01 -8.19825977e-02 -8.87727261e-01 -5.67603111e-03
2.51000000e+02 -8.77075613e-01 2.88596116e-02 4.79484677e-01 7.73932743e+00 -1.24569591e-02 9.96491313e-01 -8.27639550e-02 -7.34015703e-01 -4.80190843e-01 -7.85631612e-02 -8.73638690e-01 -1.03383541e-01
2.52000000e+02 -8.69631886e-01 3.05824801e-02 4.92752582e-01 7.76628351e+00 -1.05374632e-02 9.96702373e-01 -8.04568976e-02 -7.38778889e-01 -4.93588269e-01 -7.51602426e-02 -8.66441905e-01 -1.50407314e-01
2.53000000e+02 -8.61783087e-01 3.23598124e-02 5.06243825e-01 7.79387665e+00 -8.27383157e-03 9.96933877e-01 -7.78100193e-02 -7.43489265e-01 -5.07209539e-01 -7.12439343e-02 -8.58873010e-01 -1.97243690e-01
2.54000000e+02 -8.53409648e-01 3.50129530e-02 5.20063519e-01 7.82226324e+00 -5.36017260e-03 9.97099102e-01 -7.59249702e-02 -7.48285949e-01 -5.21213233e-01 -6.75827265e-02 -8.50746334e-01 -2.43469954e-01
2.55000000e+02 -8.44176352e-01 3.78678180e-02 5.34726322e-01 7.85041475e+00 -2.17946433e-03 9.97251153e-01 -7.40632638e-02 -7.53243744e-01 -5.36061108e-01 -6.36878759e-02 -8.41773331e-01 -2.88112402e-01
2.56000000e+02 -8.33195627e-01 4.09508832e-02 5.51459968e-01 7.87974024e+00 1.00618752e-03 9.97364759e-01 -7.25430995e-02 -7.57885575e-01 -5.52977443e-01 -5.98877184e-02 -8.31041157e-01 -3.33597898e-01
2.57000000e+02 -8.21993172e-01 4.41538282e-02 5.67783117e-01 7.90997219e+00 4.17350931e-03 9.97430205e-01 -7.15233758e-02 -7.62364388e-01 -5.69482088e-01 -5.64220771e-02 -8.20065081e-01 -3.77747774e-01
2.59000000e+02 -7.98867106e-01 4.69840094e-02 5.99669755e-01 7.97279501e+00 5.83433313e-03 9.97503042e-01 -7.03817979e-02 -7.71342039e-01 -6.01479232e-01 -5.27270325e-02 -7.97146559e-01 -4.62961435e-01
2.61000000e+02 -7.71409392e-01 5.08633964e-02 6.34303153e-01 8.03901482e+00 1.03215370e-02 9.97669399e-01 -6.74483851e-02 -7.79775858e-01 -6.36255503e-01 -4.54833321e-02 -7.70136535e-01 -5.46191692e-01
2.63000000e+02 -7.38777637e-01 5.57332970e-02 6.71640813e-01 8.10859966e+00 1.40487729e-02 9.97631788e-01 -6.73312098e-02 -7.87575066e-01 -6.73802793e-01 -4.03070599e-02 -7.37811029e-01 -6.26115084e-01
2.65000000e+02 -7.03554153e-01 5.95464706e-02 7.08142459e-01 8.18150616e+00 1.39096854e-02 9.97446239e-01 -7.00539574e-02 -7.95372605e-01 -7.10505486e-01 -3.94367129e-02 -7.02585697e-01 -6.99965477e-01
2.68000000e+02 -6.42646372e-01 5.94799370e-02 7.63850629e-01 8.29621792e+00 9.52925254e-03 9.97525394e-01 -6.96586519e-02 -8.07808518e-01 -7.66103685e-01 -3.74869518e-02 -6.41622841e-01 -8.02927494e-01
2.70000000e+02 -6.01494133e-01 5.92292435e-02 7.96678543e-01 8.37692261e+00 4.16898541e-03 9.97466922e-01 -7.10093081e-02 -8.14622641e-01 -7.98866332e-01 -3.93903367e-02 -6.00217402e-01 -8.63731146e-01
2.73000000e+02 -5.28654695e-01 6.25085682e-02 8.46532285e-01 8.50641251e+00 4.17202665e-03 9.97464180e-01 -7.10480884e-02 -8.26758504e-01 -8.48826706e-01 -3.40281464e-02 -5.27574897e-01 -9.50976372e-01
2.74000000e+02 -5.01328051e-01 6.31126016e-02 8.62952471e-01 8.55129814e+00 2.80046882e-03 9.97449398e-01 -7.13222027e-02 -8.30749691e-01 -8.65252793e-01 -3.33391465e-02 -5.00226080e-01 -9.77653503e-01
2.76000000e+02 -4.44717884e-01 5.98356500e-02 8.93669784e-01 8.64372540e+00 6.98985968e-05 9.97768342e-01 -6.67707846e-02 -8.39124680e-01 -8.95670712e-01 -2.96316948e-02 -4.43729609e-01 -1.02654243e+00
2.78000000e+02 -3.83020490e-01 6.30984455e-02 9.21582282e-01 8.73894691e+00 1.49122986e-03 9.97705221e-01 -6.76906183e-02 -8.47461760e-01 -9.23738658e-01 -2.45526042e-02 -3.82235646e-01 -1.06889868e+00
2.80000000e+02 -3.18269312e-01 6.57424778e-02 9.45717990e-01 8.83652973e+00 3.50838224e-03 9.97667313e-01 -6.81730807e-02 -8.54942441e-01 -9.47993875e-01 -1.83794592e-02 -3.17757547e-01 -1.10509515e+00
2.82000000e+02 -2.51105279e-01 6.38472289e-02 9.65851784e-01 8.93644810e+00 5.56061463e-03 9.97900903e-01 -6.45201579e-02 -8.63122404e-01 -9.67943788e-01 -1.08306231e-02 -2.50933230e-01 -1.13370216e+00
2.84000000e+02 -1.82631537e-01 6.10675253e-02 9.81283069e-01 9.03593636e+00 5.49008045e-03 9.98116970e-01 -6.10933527e-02 -8.70126665e-01 -9.83166099e-01 -5.77024976e-03 -1.82622895e-01 -1.15404820e+00
2.86000000e+02 -1.11831605e-01 5.98089173e-02 9.91925716e-01 9.13795662e+00 7.50494702e-03 9.98209536e-01 -5.93416803e-02 -8.77667427e-01 -9.93698835e-01 8.08074488e-04 -1.12080231e-01 -1.16819811e+00
2.88000000e+02 -4.09016535e-02 5.94636053e-02 9.97392178e-01 9.24038506e+00 7.08934292e-03 9.98219669e-01 -5.92222139e-02 -8.85148883e-01 -9.99137998e-01 4.64856857e-03 -4.12503928e-02 -1.17496681e+00
2.90000000e+02 2.64343806e-02 5.75685129e-02 9.97991502e-01 9.34257317e+00 4.82020387e-03 9.98321474e-01 -5.77152222e-02 -8.92444730e-01 -9.99638915e-01 6.33618888e-03 2.61125173e-02 -1.17388630e+00
2.92000000e+02 9.23440978e-02 5.77270351e-02 9.94052410e-01 9.44655609e+00 4.80872439e-03 9.98280525e-01 -5.84192872e-02 -8.99254560e-01 -9.95715559e-01 1.01747997e-02 9.19077247e-02 -1.16667867e+00
2.95000000e+02 1.85490668e-01 5.35666645e-02 9.81184900e-01 9.60354424e+00 8.49871710e-03 9.98388290e-01 -5.61125278e-02 -9.10135627e-01 -9.82609272e-01 1.87471639e-02 1.84736460e-01 -1.14331520e+00
2.98000000e+02 2.76047587e-01 5.01769707e-02 9.59833324e-01 9.76005936e+00 1.49746882e-02 9.98290598e-01 -5.64941056e-02 -9.20314908e-01 -9.61027324e-01 2.99682673e-02 2.74824321e-01 -1.10539532e+00
3.00000000e+02 3.35583091e-01 4.77338880e-02 9.40800428e-01 9.86325264e+00 2.03495920e-02 9.98114944e-01 -5.79005703e-02 -9.27375436e-01 -9.41790760e-01 3.85753587e-02 3.33979130e-01 -1.07193708e+00
3.02000000e+02 3.92149001e-01 4.52715680e-02 9.18787062e-01 9.96524143e+00 2.12655906e-02 9.98075247e-01 -5.82547523e-02 -9.34363306e-01 -9.19655859e-01 4.23830934e-02 3.90431494e-01 -1.03116751e+00
3.04000000e+02 4.47894454e-01 4.53139842e-02 8.92937422e-01 1.00639105e+01 2.26167422e-02 9.97821033e-01 -6.19810075e-02 -9.41386223e-01 -8.93800318e-01 4.79562841e-02 4.45893645e-01 -9.84412193e-01
3.05000000e+02 4.75403130e-01 4.58865240e-02 8.78570616e-01 1.01120949e+01 2.42497306e-02 9.97575939e-01 -6.52237758e-02 -9.45261359e-01 -8.79433811e-01 5.23126870e-02 4.73138005e-01 -9.58554745e-01
3.07000000e+02 5.28887570e-01 4.14644182e-02 8.47678423e-01 1.02078171e+01 2.55582109e-02 9.97574627e-01 -6.47430345e-02 -9.53473926e-01 -8.48306954e-01 5.59069254e-02 5.26545048e-01 -9.02391434e-01
3.08000000e+02 5.53941548e-01 3.97505425e-02 8.31606090e-01 1.02549000e+01 2.46177521e-02 9.97640729e-01 -6.40851036e-02 -9.57440138e-01 -8.32191527e-01 5.59716709e-02 5.51656067e-01 -8.71574402e-01
3.10000000e+02 5.97029805e-01 3.98631133e-02 8.01227987e-01 1.03460217e+01 2.14784350e-02 9.97612298e-01 -6.56382442e-02 -9.65091467e-01 -8.01931441e-01 5.63971102e-02 5.94748080e-01 -8.05924416e-01
3.12000000e+02 6.34521663e-01 3.58875878e-02 7.72071481e-01 1.04345207e+01 2.04018727e-02 9.97795701e-01 -6.31468892e-02 -9.73224401e-01 -7.72635758e-01 5.58197722e-02 6.32390797e-01 -7.35770702e-01
3.14000000e+02 6.66717529e-01 2.98714433e-02 7.44711637e-01 1.05192299e+01 2.26753876e-02 9.97920990e-01 -6.03286102e-02 -9.81075108e-01 -7.44965434e-01 5.71087673e-02 6.64654076e-01 -6.61016941e-01
3.15000000e+02 6.81616366e-01 2.81499010e-02 7.31168032e-01 1.05607948e+01 2.37551779e-02 9.97881651e-01 -6.05636239e-02 -9.84793425e-01 -7.31324017e-01 5.86501844e-02 6.79503739e-01 -6.22109413e-01
3.17000000e+02 7.10868359e-01 2.70543806e-02 7.02804506e-01 1.06419487e+01 2.28886288e-02 9.97840703e-01 -6.15630150e-02 -9.92327332e-01 -7.02952504e-01 5.98494336e-02 7.08714187e-01 -5.41142464e-01
3.19000000e+02 7.39154935e-01 2.08761040e-02 6.73211813e-01 1.07199154e+01 2.35152729e-02 9.98110354e-01 -5.67697734e-02 -1.00062656e+00 -6.73124790e-01 5.77924177e-02 7.37267256e-01 -4.57407475e-01
3.21000000e+02 7.66613662e-01 1.86276063e-02 6.41838431e-01 1.07962036e+01 2.45338921e-02 9.97999489e-01 -5.82675599e-02 -1.00774610e+00 -6.41639769e-01 6.04154989e-02 7.64622986e-01 -3.69895458e-01
3.22000000e+02 7.78590798e-01 1.86031405e-02 6.27256155e-01 1.08328056e+01 2.42379978e-02 9.97923136e-01 -5.96821345e-02 -1.01105845e+00 -6.27063692e-01 6.16713949e-02 7.76522875e-01 -3.24426174e-01
3.24000000e+02 8.00599515e-01 1.49581181e-02 5.99013090e-01 1.09042330e+01 2.42249612e-02 9.98063028e-01 -5.73003143e-02 -1.01868773e+00 -5.98709881e-01 6.03856742e-02 7.98686445e-01 -2.30659962e-01
3.26000000e+02 8.20492029e-01 1.17491568e-02 5.71537197e-01 1.09733715e+01 2.55437512e-02 9.98036623e-01 -5.71870655e-02 -1.02622199e+00 -5.71086943e-01 6.15207329e-02 8.18581045e-01 -1.33840561e-01
3.28000000e+02 8.38005006e-01 5.90344705e-03 5.45630574e-01 1.10405598e+01 3.09108160e-02 9.97822165e-01 -5.82702123e-02 -1.03404367e+00 -5.44786274e-01 6.56966195e-02 8.35997522e-01 -3.39765549e-02
3.29000000e+02 8.45401585e-01 2.62976927e-03 5.34124732e-01 1.10730219e+01 3.35221812e-02 9.97755289e-01 -5.79706728e-02 -1.03814960e+00 -5.33078253e-01 6.69135228e-02 8.43415737e-01 1.71999931e-02
3.31000000e+02 8.57736945e-01 -1.03570265e-03 5.14087796e-01 1.11370306e+01 3.54614891e-02 9.97735262e-01 -5.71561344e-02 -1.04614747e+00 -5.12864351e-01 6.72552437e-02 8.55831087e-01 1.21707439e-01
3.32000000e+02 8.61571074e-01 -1.86756090e-03 5.07633567e-01 1.11685162e+01 3.49667892e-02 9.97836411e-01 -5.56757040e-02 -1.04992187e+00 -5.06431282e-01 6.57188892e-02 8.59772325e-01 1.75120354e-01
3.34000000e+02 8.66872966e-01 -3.46864644e-03 4.98517036e-01 1.12305384e+01 3.50748673e-02 9.97922122e-01 -5.40483370e-02 -1.05752015e+00 -4.97293681e-01 6.43384606e-02 8.65193367e-01 2.82713890e-01
3.35000000e+02 8.69287550e-01 -4.71311342e-03 4.94284332e-01 1.12613926e+01 3.58694196e-02 9.97919798e-01 -5.35674058e-02 -1.06119466e+00 -4.93003637e-01 6.42951652e-02 8.67648304e-01 3.36743355e-01
3.36000000e+02 8.71607721e-01 -7.78987817e-03 4.90142107e-01 1.12921305e+01 3.78193371e-02 9.97962177e-01 -5.13924882e-02 -1.06497359e+00 -4.88742948e-01 6.33309409e-02 8.70126128e-01 3.90779018e-01
3.37000000e+02 8.73738110e-01 -9.28459316e-03 4.86308008e-01 1.13227139e+01 3.88574153e-02 9.97954607e-01 -5.07612489e-02 -1.06877005e+00 -4.84842002e-01 6.32487088e-02 8.72311771e-01 4.45356846e-01
3.38000000e+02 8.75883698e-01 -1.08177578e-02 4.82401043e-01 1.13526726e+01 4.04339731e-02 9.97877896e-01 -5.10377325e-02 -1.07238388e+00 -4.80825216e-01 6.42085075e-02 8.74462366e-01 4.99825954e-01
3.39000000e+02 8.77992451e-01 -1.19585488e-02 4.78525102e-01 1.13826923e+01 4.12220359e-02 9.97862995e-01 -5.06966971e-02 -1.07596350e+00 -4.76896256e-01 6.42370954e-02 8.76609147e-01 5.54725647e-01
3.40000000e+02 8.80052805e-01 -1.25855757e-02 4.74709094e-01 1.14121542e+01 4.13710400e-02 9.97879922e-01 -5.02408892e-02 -1.07994461e+00 -4.73070353e-01 6.38538450e-02 8.78707647e-01 6.09628677e-01
3.42000000e+02 8.83847952e-01 -1.31678693e-02 4.67588931e-01 1.14700470e+01 4.09426205e-02 9.97945130e-01 -4.92873900e-02 -1.08766568e+00 -4.65979099e-01 6.27068728e-02 8.82570863e-01 7.19135761e-01
3.43000000e+02 8.85123670e-01 -1.19869374e-02 4.65201437e-01 1.14989128e+01 3.93418968e-02 9.98016834e-01 -4.91384529e-02 -1.09132993e+00 -4.63689864e-01 6.17955141e-02 8.83839965e-01 7.74356842e-01
3.45000000e+02 8.86329710e-01 -1.08994897e-02 4.62926447e-01 1.15568428e+01 3.78668830e-02 9.98080671e-01 -4.90012467e-02 -1.09813666e+00 -4.61503834e-01 6.09608442e-02 8.85041237e-01 8.86770725e-01
3.46000000e+02 8.87057900e-01 -7.88637716e-03 4.61590886e-01 1.15858498e+01 3.50147374e-02 9.98123407e-01 -5.02360873e-02 -1.10173309e+00 -4.60328460e-01 6.07247986e-02 8.85669351e-01 9.42149639e-01
3.48000000e+02 8.87835860e-01 -5.49849356e-03 4.60127383e-01 1.16424026e+01 3.37426141e-02 9.98014629e-01 -5.31816371e-02 -1.10898030e+00 -4.58921432e-01 6.27424642e-02 8.86258721e-01 1.05369186e+00
3.50000000e+02 8.88225317e-01 -2.40163901e-03 4.59401846e-01 1.16993351e+01 2.98570711e-02 9.98174012e-01 -5.25086112e-02 -1.11754715e+00 -4.58436877e-01 6.03558682e-02 8.86675119e-01 1.16268110e+00
3.52000000e+02 8.88246119e-01 -6.89165294e-03 4.59316134e-01 1.17558918e+01 3.35100889e-02 9.98195589e-01 -4.98262271e-02 -1.12446642e+00 -4.58143950e-01 5.96496798e-02 8.86874318e-01 1.27386808e+00
3.54000000e+02 8.88230979e-01 -9.54425056e-03 4.59298015e-01 1.18126802e+01 3.66222821e-02 9.98073399e-01 -5.00833504e-02 -1.13245988e+00 -4.57935125e-01 6.13061264e-02 8.86869192e-01 1.38449955e+00
3.56000000e+02 8.88384700e-01 -1.07233608e-02 4.58974570e-01 1.18701286e+01 3.89150716e-02 9.97888088e-01 -5.20090684e-02 -1.13978672e+00 -4.57447559e-01 6.40650839e-02 8.86925817e-01 1.49547577e+00
3.58000000e+02 8.88365209e-01 -1.13624595e-02 4.58996862e-01 1.19278545e+01 3.77447344e-02 9.98117268e-01 -4.83446494e-02 -1.14721203e+00 -4.57583398e-01 6.02724217e-02 8.87121558e-01 1.60854292e+00
3.60000000e+02 8.88481975e-01 -1.18240127e-02 4.58759189e-01 1.19864922e+01 3.77715901e-02 9.98160362e-01 -4.74260077e-02 -1.15428042e+00 -4.57354486e-01 5.94652183e-02 8.87294054e-01 1.72237587e+00
3.62000000e+02 8.88877213e-01 -1.16107445e-02 4.57998335e-01 1.20453110e+01 3.78822200e-02 9.98118222e-01 -4.82179597e-02 -1.16133344e+00 -4.56576616e-01 6.02098405e-02 8.87644410e-01 1.83601999e+00
3.64000000e+02 8.89115870e-01 -8.47569760e-03 4.57603663e-01 1.21034727e+01 3.47809196e-02 9.98188555e-01 -4.90903482e-02 -1.16868103e+00 -4.56358671e-01 5.95628843e-02 8.87800097e-01 1.94938850e+00
3.66000000e+02 8.89343023e-01 -1.26880882e-02 4.57064539e-01 1.21623058e+01 3.44036929e-02 9.98638153e-01 -3.92195694e-02 -1.17531538e+00 -4.55944479e-01 5.06043583e-02 8.88568401e-01 2.06437016e+00
3.67000000e+02 8.89446557e-01 -1.37277041e-02 4.56832975e-01 1.21912441e+01 3.43296044e-02 9.98731792e-01 -3.68275866e-02 -1.17844868e+00 -4.55748051e-01 4.84390631e-02 8.88789833e-01 2.12104893e+00
3.69000000e+02 8.89852047e-01 -1.17643001e-02 4.56097543e-01 1.22490902e+01 3.24499719e-02 9.98767793e-01 -3.75486985e-02 -1.18469107e+00 -4.55093801e-01 4.82131392e-02 8.89137328e-01 2.23478556e+00
