3.00000000e+01 9.95866835e-01 2.01688558e-02 8.85580182e-02 -9.02530625e-02 -1.83400363e-02 9.99602437e-01 -2.14165021e-02 3.77896130e-02 -8.89547542e-02 1.97038259e-02 9.95840728e-01 2.62233555e-01
3.10000000e+01 9.94790316e-01 2.06814762e-02 9.98225212e-02 -8.70805532e-02 -1.88240539e-02 9.99632359e-01 -1.95134990e-02 3.66800092e-02 -1.00189395e-01 1.75327752e-02 9.94813919e-01 2.95255184e-01
3.20000000e+01 9.93617177e-01 2.12886836e-02 1.10777587e-01 -8.35996270e-02 -1.94637720e-02 9.99656856e-01 -1.75291840e-02 3.54571976e-02 -1.11112751e-01 1.52611490e-02 9.93690610e-01 3.29524159e-01
3.40000000e+01 9.91170585e-01 2.17232797e-02 1.30801141e-01 -7.44026378e-02 -2.00305469e-02 9.99697924e-01 -1.42432051e-02 3.36706787e-02 -1.31071046e-01 1.14974277e-02 9.91306305e-01 4.01505828e-01
3.60000000e+01 9.88211811e-01 2.02831179e-02 1.51743084e-01 -6.37579709e-02 -1.86677873e-02 9.99752998e-01 -1.20623643e-02 3.18094306e-02 -1.51950255e-01 9.08746384e-03 9.88346338e-01 4.77491230e-01
3.70000000e+01 9.86543119e-01 2.03606058e-02 1.62228733e-01 -5.76027930e-02 -1.90746803e-02 9.99773085e-01 -9.48038977e-03 3.09984293e-02 -1.62384957e-01 6.25835173e-03 9.86707628e-01 5.16449332e-01
3.80000000e+01 9.84530151e-01 2.08977200e-02 1.73964694e-01 -5.13646156e-02 -2.01802682e-02 9.99778986e-01 -5.89210214e-03 3.01469136e-02 -1.74049377e-01 2.29029800e-03 9.84734237e-01 5.55608630e-01
3.90000000e+01 9.82364833e-01 2.02819742e-02 1.85870752e-01 -4.39870134e-02 -2.02136859e-02 9.99793112e-01 -2.26265960e-03 2.92000864e-02 -1.85878187e-01 -1.53437594e-03 9.82571602e-01 5.95125496e-01
4.00000000e+01 9.79864836e-01 1.97497662e-02 1.98682845e-01 -3.63130495e-02 -2.00854875e-02 9.99798238e-01 -3.25740286e-04 2.83179302e-02 -1.98649183e-01 -3.67146032e-03 9.80063796e-01 6.34819031e-01
4.10000000e+01 9.76974905e-01 1.91757306e-02 2.12490678e-01 -2.80411094e-02 -1.95746087e-02 9.99808371e-01 -2.26620701e-04 2.74145622e-02 -2.12454304e-01 -3.93801881e-03 9.77163076e-01 6.74791992e-01
4.20000000e+01 9.73753333e-01 2.01089755e-02 2.26715818e-01 -1.92767233e-02 -2.02482603e-02 9.99793530e-01 -1.71145040e-03 2.67088544e-02 -2.26703420e-01 -2.92407046e-03 9.73959446e-01 7.14615643e-01
4.40000000e+01 9.64712799e-01 2.12570596e-02 2.62445003e-01 1.00286305e-03 -2.07435563e-02 9.99773681e-01 -4.72736685e-03 2.46880613e-02 -2.62486100e-01 -8.83491652e-04 9.64935362e-01 7.94029474e-01
4.60000000e+01 9.48605061e-01 2.60945205e-02 3.15384626e-01 2.52846181e-02 -2.50696428e-02 9.99659002e-01 -7.30673177e-03 2.24760212e-02 -3.15467745e-01 -9.75376985e-04 9.48935807e-01 8.72736931e-01
4.80000000e+01 9.25310731e-01 2.68368125e-02 3.78258944e-01 5.48457205e-02 -2.51054540e-02 9.99639571e-01 -9.50881280e-03 1.97862592e-02 -3.78377795e-01 -6.97756652e-04 9.25651014e-01 9.50222194e-01
5.00000000e+01 8.98496747e-01 2.77500078e-02 4.38102216e-01 9.02430415e-02 -2.39746459e-02 9.99612451e-01 -1.41476393e-02 1.68435983e-02 -4.38325018e-01 2.20826245e-03 8.98813844e-01 1.02648866e+00
5.20000000e+01 8.68626595e-01 2.77678110e-02 4.94688600e-01 1.30934805e-01 -1.91505048e-02 9.99563813e-01 -2.24809349e-02 1.32995043e-02 -4.95097101e-01 1.00540025e-02 8.68779480e-01 1.10135746e+00
5.40000000e+01 8.37184370e-01 2.08991487e-02 5.46521306e-01 1.77109838e-01 -3.19480896e-03 9.99439478e-01 -3.33249420e-02 9.16014239e-03 -5.46911418e-01 2.61530895e-02 8.36781859e-01 1.17262816e+00
5.60000000e+01 8.05225551e-01 1.23531586e-02 5.92839897e-01 2.27684438e-01 1.47974854e-02 9.99053001e-01 -4.09162305e-02 4.08406556e-03 -5.92783928e-01 4.17193361e-02 8.04280221e-01 1.24144769e+00
5.80000000e+01 7.73014724e-01 1.73775721e-02 6.34150028e-01 2.80940384e-01 2.90652495e-02 9.97604907e-01 -6.27671853e-02 -2.85001844e-03 -6.33721948e-01 6.69516847e-02 7.70658135e-01 1.30751455e+00
6.00000000e+01 7.38793492e-01 3.98947895e-02 6.72749996e-01 3.37685227e-01 3.23496200e-02 9.94996309e-01 -9.45296958e-02 -1.06476694e-02 -6.73155010e-01 9.16011333e-02 7.33806193e-01 1.37193334e+00
6.30000000e+01 6.86132550e-01 4.31242101e-02 7.26197243e-01 4.29500580e-01 4.72088568e-02 9.93497849e-01 -1.03601806e-01 -2.59975269e-02 -7.25943148e-01 1.05367512e-01 6.79635406e-01 1.46214616e+00
6.50000000e+01 6.55256987e-01 2.89460029e-02 7.54851222e-01 4.95732665e-01 6.06777892e-02 9.94019866e-01 -9.07893404e-02 -3.60998437e-02 -7.52965152e-01 1.05293058e-01 6.49582088e-01 1.51929557e+00
6.80000000e+01 6.25110328e-01 2.98508760e-02 7.79965341e-01 5.93724012e-01 6.89589307e-02 9.93248820e-01 -9.32814330e-02 -5.05487099e-02 -7.77484238e-01 1.12096764e-01 6.18831635e-01 1.59947646e+00
7.00000000e+01 6.05797052e-01 3.55294943e-02 7.94825494e-01 6.61440611e-01 6.41840324e-02 9.93564010e-01 -9.33328420e-02 -6.08737990e-02 -7.93026030e-01 1.07555866e-01 5.99617720e-01 1.65178502e+00
7.30000000e+01 5.87651670e-01 3.69450524e-02 8.08270097e-01 7.65530109e-01 7.11160079e-02 9.92732465e-01 -9.70814005e-02 -7.50724822e-02 -8.05982649e-01 1.14530995e-01 5.80753505e-01 1.72803080e+00
7.50000000e+01 5.91015577e-01 3.73548418e-02 8.05794775e-01 8.37141275e-01 7.24417269e-02 9.92433131e-01 -9.91398543e-02 -8.47962052e-02 -8.03400755e-01 1.16966359e-01 5.83837390e-01 1.78102171e+00
7.80000000e+01 6.09659791e-01 3.82831357e-02 7.91738153e-01 9.48968947e-01 6.69151247e-02 9.92781937e-01 -9.95307118e-02 -1.01128690e-01 -7.89833724e-01 1.13659136e-01 6.02697551e-01 1.86692882e+00
8.00000000e+01 6.19237781e-01 4.28614765e-02 7.84032822e-01 1.02544737e+00 5.80391139e-02 9.93279099e-01 -1.00140475e-01 -1.12203494e-01 -7.83055544e-01 1.07515335e-01 6.12588286e-01 1.92842078e+00
8.20000000e+01 6.20024323e-01 4.53363098e-02 7.83271670e-01 1.10400438e+00 5.10685556e-02 9.93880033e-01 -9.79514569e-02 -1.24005690e-01 -7.82918811e-01 1.00732833e-01 6.13914490e-01 1.99222469e+00
8.40000000e+01 6.19004190e-01 4.46473248e-02 7.84117579e-01 1.18645430e+00 5.05302437e-02 9.94050384e-01 -9.64907855e-02 -1.35789901e-01 -7.83760488e-01 9.93498564e-02 6.13065362e-01 2.05736566e+00
8.60000000e+01 6.18481219e-01 4.34594899e-02 7.84596860e-01 1.26883173e+00 5.04207015e-02 9.94217098e-01 -9.48161110e-02 -1.47517771e-01 -7.84180284e-01 9.82019156e-02 6.12713337e-01 2.12355947e+00
8.80000000e+01 6.18376255e-01 4.40768898e-02 7.84645200e-01 1.35395336e+00 4.83007804e-02 9.94406819e-01 -9.39257890e-02 -1.59761682e-01 -7.84396470e-01 9.59804505e-02 6.12788618e-01 2.19134402e+00
9.00000000e+01 6.18713975e-01 4.46378961e-02 7.84347177e-01 1.43910599e+00 4.65009101e-02 9.94553208e-01 -9.32820663e-02 -1.72217816e-01 -7.84238935e-01 9.41877738e-02 6.13268256e-01 2.25942159e+00
9.20000000e+01 6.22035146e-01 4.03466225e-02 7.81949103e-01 1.52527928e+00 4.71411236e-02 9.94930029e-01 -8.88363495e-02 -1.84943855e-01 -7.81568944e-01 9.21212956e-02 6.16979480e-01 2.32844353e+00
9.40000000e+01 6.26194596e-01 3.89445499e-02 7.78693557e-01 1.61045146e+00 4.67363112e-02 9.95080709e-01 -8.73501450e-02 -1.96350023e-01 -7.78264761e-01 9.10914540e-02 6.21294022e-01 2.39845085e+00
9.60000000e+01 6.28963590e-01 3.88248824e-02 7.76464701e-01 1.69413030e+00 4.74027842e-02 9.94978786e-01 -8.81489664e-02 -2.08195955e-01 -7.75988281e-01 9.22490805e-02 6.23965025e-01 2.46697068e+00
9.90000000e+01 6.21671081e-01 4.54193130e-02 7.81960428e-01 1.81906426e+00 4.48276661e-02 9.94618058e-01 -9.34100151e-02 -2.26883322e-01 -7.81994581e-01 9.31237638e-02 6.16289258e-01 2.56890678e+00
1.01000000e+02 6.12022877e-01 3.97866257e-02 7.89838612e-01 1.90351927e+00 4.81227078e-02 9.95009363e-01 -8.74105915e-02 -2.38927931e-01 -7.89374590e-01 9.15064514e-02 6.07053816e-01 2.63515329e+00
1.03000000e+02 6.02624953e-01 4.18440625e-02 7.96926737e-01 1.98749113e+00 4.82721142e-02 9.94884372e-01 -8.87408778e-02 -2.50387907e-01 -7.96563208e-01 9.19468030e-02 5.97522199e-01 2.69995642e+00
1.05000000e+02 5.93297541e-01 4.60556112e-02 8.03664684e-01 2.07041121e+00 4.75626625e-02 9.94612157e-01 -9.21109021e-02 -2.61777550e-01 -8.03576887e-01 9.28736031e-02 5.87910414e-01 2.76281977e+00
1.07000000e+02 5.86703181e-01 4.56994437e-02 8.08511555e-01 2.15341353e+00 4.79135811e-02 9.94698286e-01 -9.09921527e-02 -2.73735613e-01 -8.08383405e-01 9.21240672e-02 5.81403017e-01 2.82401896e+00
1.09000000e+02 5.82502067e-01 3.05118598e-02 8.12256336e-01 2.23752046e+00 4.89744209e-02 9.96162236e-01 -7.25417063e-02 -2.84679145e-01 -8.11352491e-01 8.20354745e-02 5.78772247e-01 2.88524246e+00
1.12000000e+02 5.78298688e-01 3.65183279e-02 8.15007389e-01 2.36013675e+00 5.21407686e-02 9.95300829e-01 -8.15939382e-02 -2.99434036e-01 -8.14157188e-01 8.96807760e-02 5.73677123e-01 2.97423458e+00
1.15000000e+02 5.78714728e-01 2.92559918e-02 8.15005124e-01 2.48380327e+00 6.01379387e-02 9.95104611e-01 -7.84234181e-02 -3.15001130e-01 -8.13309669e-01 9.43975151e-02 5.74122310e-01 3.06168795e+00
1.17000000e+02 5.79467535e-01 2.40642484e-02 8.14639986e-01 2.56498528e+00 5.48625812e-02 9.96144891e-01 -6.84505552e-02 -3.24103057e-01 -8.13146651e-01 8.43581259e-02 5.75913370e-01 3.12145329e+00
1.19000000e+02 5.81112981e-01 3.16870287e-02 8.13205779e-01 2.64529204e+00 3.88465412e-02 9.97022629e-01 -6.66091070e-02 -3.32730770e-01 -8.12895238e-01 7.02976510e-02 5.78151882e-01 3.18129921e+00
1.21000000e+02 5.85775375e-01 2.73405015e-02 8.10012162e-01 2.72582316e+00 4.59699333e-02 9.96701062e-01 -6.68858588e-02 -3.41665924e-01 -8.09168696e-01 7.64162987e-02 5.82586110e-01 3.24000168e+00
1.23000000e+02 5.98508239e-01 2.42954213e-02 8.00748169e-01 2.80598044e+00 5.22493757e-02 9.96228039e-01 -6.92795366e-02 -3.50314558e-01 -7.99410999e-01 8.33029673e-02 5.94981253e-01 3.29924512e+00
1.24000000e+02 6.05466306e-01 1.94383822e-02 7.95633554e-01 2.84470391e+00 5.89575879e-02 9.95859385e-01 -6.91960827e-02 -3.54906976e-01 -7.93684185e-01 8.88045281e-02 6.01813257e-01 3.32925677e+00
1.26000000e+02 6.24297142e-01 2.00376492e-02 7.80929923e-01 2.92161131e+00 5.42910807e-02 9.96140957e-01 -6.89614862e-02 -3.63885403e-01 -7.79298127e-01 8.54499862e-02 6.20800078e-01 3.39128256e+00
1.28000000e+02 6.43904448e-01 1.70121621e-02 7.64916718e-01 2.99701071e+00 5.14834225e-02 9.96523440e-01 -6.55018017e-02 -3.72792363e-01 -7.63371825e-01 8.15574303e-02 6.40790045e-01 3.45509577e+00
1.30000000e+02 6.63577437e-01 1.48791550e-02 7.47959614e-01 3.06981874e+00 5.21299951e-02 9.96452212e-01 -6.60712942e-02 -3.81162345e-01 -7.46289074e-01 8.28345492e-02 6.60447598e-01 3.52034044e+00
1.31000000e+02 6.73789501e-01 1.74220614e-02 7.38717914e-01 3.10596752e+00 5.21496348e-02 9.96107996e-01 -7.10584223e-02 -3.85992408e-01 -7.37080812e-01 8.64022896e-02 6.70258582e-01 3.55343890e+00
1.33000000e+02 6.92953527e-01 2.63634752e-02 7.20500112e-01 3.17563033e+00 5.20193204e-02 9.94898558e-01 -8.64343420e-02 -3.94890547e-01 -7.19103217e-01 9.73749086e-02 6.88046992e-01 3.62025285e+00
1.34000000e+02 7.01689661e-01 2.35413313e-02 7.12093711e-01 3.20990944e+00 5.10698184e-02 9.95221317e-01 -8.32249969e-02 -4.00290191e-01 -7.10650086e-01 9.47646201e-02 6.97134256e-01 3.65495205e+00
1.36000000e+02 7.17864335e-01 2.70113833e-02 6.95658803e-01 3.27662349e+00 4.30721641e-02 9.95609522e-01 -8.31050575e-02 -4.10207808e-01 -6.94849312e-01 8.96216854e-02 7.13549137e-01 3.72465086e+00
1.38000000e+02 7.26256132e-01 4.44211997e-02 6.85987473e-01 3.34183741e+00 3.13593186e-02 9.94730175e-01 -9.76140425e-02 -4.20664519e-01 -6.86708510e-01 9.24048945e-02 7.21035838e-01 3.79566860e+00
1.39000000e+02 7.28446364e-01 4.83905822e-02 6.83391750e-01 3.37362194e+00 2.84380838e-02 9.94506955e-01 -1.00733422e-01 -4.26300883e-01 -6.84512377e-01 9.28132460e-02 7.23068833e-01 3.83094382e+00
1.41000000e+02 7.34481752e-01 5.04466407e-02 6.76750839e-01 3.43737817e+00 2.53612716e-02 9.94496167e-01 -1.01656884e-01 -4.37616408e-01 -6.78154409e-01 9.18283835e-02 7.29159892e-01 3.90158558e+00
1.43000000e+02 7.42144823e-01 4.78337780e-02 6.68530464e-01 3.50000787e+00 2.10267231e-02 9.95297432e-01 -9.45562199e-02 -4.48698401e-01 -6.69909656e-01 8.42314139e-02 7.37649083e-01 3.97271299e+00
1.45000000e+02 7.49951005e-01 5.45060784e-02 6.59243941e-01 3.56228995e+00 9.77375265e-03 9.95577633e-01 -9.34325829e-02 -4.59764779e-01 -6.61421180e-01 7.65131488e-02 7.46101677e-01 4.04543543e+00
1.46000000e+02 7.53937662e-01 6.10254146e-02 6.54105425e-01 3.59277892e+00 2.72984919e-03 9.95376527e-01 -9.60111246e-02 -4.65267599e-01 -6.56940281e-01 7.41720125e-02 7.50285268e-01 4.08237553e+00
1.48000000e+02 7.63513267e-01 6.23066165e-02 6.42779410e-01 3.65363359e+00 5.08495420e-03 9.94723976e-01 -1.02461763e-01 -4.76525366e-01 -6.45772099e-01 8.14994201e-02 7.59168088e-01 4.15511608e+00
1.50000000e+02 7.72038519e-01 5.86936250e-02 6.32859826e-01 3.71299934e+00 3.00651882e-03 9.95378494e-01 -9.59825739e-02 -4.87607211e-01 -6.35568619e-01 7.60049522e-02 7.68294096e-01 4.22934914e+00
1.52000000e+02 7.81198442e-01 6.06550947e-02 6.21329188e-01 3.77206469e+00 2.34893829e-04 9.95240152e-01 -9.74521786e-02 -4.98508155e-01 -6.24282777e-01 7.62754381e-02 7.77465820e-01 4.30411482e+00
1.54000000e+02 7.89012849e-01 6.48738369e-02 6.10942006e-01 3.82711983e+00 -3.56223481e-03 9.94875789e-01 -1.01041928e-01 -5.09584308e-01 -6.14366353e-01 7.75470585e-02 7.85200894e-01 4.37813187e+00
1.56000000e+02 7.98712313e-01 6.01527616e-02 5.98698795e-01 3.88318205e+00 -9.58363060e-04 9.95116472e-01 -9.87032950e-02 -5.21388292e-01 -6.01712286e-01 7.82617703e-02 7.94869423e-01 4.45214081e+00
1.58000000e+02 8.07630122e-01 5.70072718e-02 5.86927414e-01 3.93812156e+00 1.97469792e-03 9.95049119e-01 -9.93646905e-02 -5.32193661e-01 -5.89686096e-01 8.14089179e-02 8.03519070e-01 4.52744055e+00
1.62000000e+02 8.19918990e-01 6.03498369e-02 5.69289684e-01 4.04215717e+00 -5.35144610e-03 9.95192468e-01 -9.77919623e-02 -5.54160178e-01 -5.72454512e-01 7.71349594e-02 8.16300213e-01 4.67946672e+00
1.64000000e+02 8.26395988e-01 5.39965816e-02 5.60494483e-01 4.09417009e+00 5.80331369e-04 9.95309412e-01 -9.67411622e-02 -5.64710379e-01 -5.63089132e-01 8.02717805e-02 8.22488308e-01 4.75601387e+00
1.66000000e+02 8.32560360e-01 4.46561575e-02 5.52131355e-01 4.14542198e+00 8.25576019e-03 9.95634198e-01 -9.29753631e-02 -5.75093508e-01 -5.53872764e-01 8.19658712e-02 8.28556895e-01 4.83282471e+00
1.67000000e+02 8.34758997e-01 4.67118993e-02 5.48630536e-01 4.17007828e+00 6.59429934e-03 9.95475352e-01 -9.47909281e-02 -5.80443203e-01 -5.50576031e-01 8.27454105e-02 8.30673933e-01 4.87136841e+00
1.69000000e+02 8.37591887e-01 5.07410541e-02 5.43934941e-01 4.21912909e+00 2.60639656e-03 9.95294631e-01 -9.68597382e-02 -5.90925574e-01 -5.46290278e-01 8.25466365e-02 8.33518445e-01 4.94913197e+00
1.71000000e+02 8.38722825e-01 4.70407456e-02 5.42523026e-01 4.26873255e+00 2.93599395e-03 9.95856881e-01 -9.08870846e-02 -6.01492822e-01 -5.44550657e-01 7.78219178e-02 8.35109770e-01 5.02722740e+00
1.73000000e+02 8.40051234e-01 4.30834405e-02 5.40793657e-01 4.31785822e+00 3.11171543e-03 9.96442556e-01 -8.42172876e-02 -6.11318171e-01 -5.42498171e-01 7.24296272e-02 8.36928725e-01 5.10469055e+00
1.75000000e+02 8.40363920e-01 4.85232249e-02 5.39846241e-01 4.36605263e+00 1.84336235e-03 9.95723188e-01 -9.23685133e-02 -6.21202350e-01 -5.42019427e-01 7.86182955e-02 8.36680412e-01 5.18165684e+00
1.77000000e+02 8.40251803e-01 5.31392694e-02 5.39586067e-01 4.41306448e+00 -4.16791718e-03 9.95789349e-01 -9.15765241e-02 -6.31175697e-01 -5.42180359e-01 7.46983886e-02 8.36935282e-01 5.25807476e+00
1.79000000e+02 8.41418505e-01 5.15620895e-02 5.37918448e-01 4.46107626e+00 -7.56891910e-04 9.95548844e-01 -9.42442417e-02 -6.41415238e-01 -5.40383458e-01 7.88917020e-02 8.37712228e-01 5.33385944e+00
1.81000000e+02 8.40554416e-01 6.68316633e-02 5.37588894e-01 4.50701618e+00 -1.55810658e-02 9.94933009e-01 -9.93255153e-02 -6.51844501e-01 -5.41503012e-01 7.51122907e-02 8.37336600e-01 5.40998936e+00
1.82000000e+02 8.41000378e-01 6.55899867e-02 5.37044048e-01 4.53009367e+00 -1.21155065e-02 9.94658530e-01 -1.02506474e-01 -6.57059908e-01 -5.40898860e-01 7.97014236e-02 8.37302864e-01 5.44668818e+00
1.83000000e+02 8.41418922e-01 6.39653504e-02 5.36584198e-01 4.55338383e+00 -9.95758269e-03 9.94636238e-01 -1.02954492e-01 -6.62588120e-01 -5.40291607e-01 8.12847763e-02 8.37542713e-01 5.48366165e+00
1.84000000e+02 8.42263162e-01 6.59629554e-02 5.35015583e-01 4.57564592e+00 -1.15106544e-02 9.94459569e-01 -1.04487598e-01 -6.67735815e-01 -5.38943708e-01 8.18476751e-02 8.38355899e-01 5.51991367e+00
1.85000000e+02 8.43503833e-01 5.81991114e-02 5.33960819e-01 4.59841728e+00 -3.85103701e-03 9.94742155e-01 -1.02338493e-01 -6.72840118e-01 -5.37109375e-01 8.42666030e-02 8.39292943e-01 5.55618382e+00
1.86000000e+02 8.45757127e-01 5.13885953e-02 5.31087637e-01 4.62146473e+00 1.05472736e-03 9.95188296e-01 -9.79751199e-02 -6.78168476e-01 -5.33567011e-01 8.34233090e-02 8.41633439e-01 5.59232855e+00
1.87000000e+02 8.46826196e-01 4.48015109e-02 5.29979467e-01 4.64396524e+00 5.01915626e-03 9.95728493e-01 -9.21931788e-02 -6.83400869e-01 -5.31846046e-01 8.07316452e-02 8.42984080e-01 5.62867212e+00
1.88000000e+02 8.48721325e-01 4.28360030e-02 5.27102590e-01 4.66609859e+00 6.65052561e-03 9.95770752e-01 -9.16316584e-02 -6.88313484e-01 -5.28798461e-01 8.12752545e-02 8.44847023e-01 5.66491699e+00
1.89000000e+02 8.51488888e-01 4.43849564e-02 5.22490740e-01 4.68778324e+00 7.23826559e-03 9.95321453e-01 -9.63473544e-02 -6.93368375e-01 -5.24322629e-01 8.58206302e-02 8.47183943e-01 5.70056486e+00
1.91000000e+02 8.59090328e-01 4.49382700e-02 5.09847343e-01 4.72990417e+00 7.27476412e-03 9.94965374e-01 -9.99548212e-02 -7.03024328e-01 -5.11772275e-01 8.95792469e-02 8.54438245e-01 5.77271652e+00
1.93000000e+02 8.70180726e-01 3.54141220e-02 4.91458416e-01 4.77083969e+00 1.22209815e-02 9.95555758e-01 -9.33775827e-02 -7.13021815e-01 -4.92581129e-01 8.72614756e-02 8.65880609e-01 5.84480667e+00
1.95000000e+02 8.83771300e-01 3.39254439e-02 4.66687620e-01 4.80998611e+00 1.30093098e-02 9.95201170e-01 -9.69811380e-02 -7.22246051e-01 -4.67738181e-01 9.17804316e-02 8.79088938e-01 5.91825914e+00
1.97000000e+02 8.95962775e-01 3.10722757e-02 4.43040848e-01 4.84499311e+00 1.42940041e-02 9.95015442e-01 -9.86913219e-02 -7.31899381e-01 -4.43899035e-01 9.47565809e-02 8.91052663e-01 5.99086428e+00
1.99000000e+02 9.06791747e-01 4.70573083e-02 4.18944329e-01 4.87661839e+00 1.47916761e-03 9.93389547e-01 -1.14782631e-01 -7.41969109e-01 -4.21576262e-01 1.04703635e-01 9.00727808e-01 6.06279182e+00
2.01000000e+02 9.17663336e-01 5.30552417e-02 3.93800855e-01 4.90723944e+00 -4.48547769e-03 9.92366135e-01 -1.23245202e-01 -7.52241611e-01 -3.97333443e-01 1.11331217e-01 9.10896003e-01 6.13484097e+00
2.03000000e+02 9.25640345e-01 5.77411316e-02 3.73973101e-01 4.93500471e+00 -1.45962182e-02 9.93002117e-01 -1.17190838e-01 -7.63163209e-01 -3.78122807e-01 1.03017978e-01 9.20005679e-01 6.20816231e+00
2.05000000e+02 9.30966198e-01 6.81725591e-02 3.58684331e-01 4.96169090e+00 -2.20382791e-02 9.91114438e-01 -1.31173611e-01 -7.74229050e-01 -3.64439636e-01 1.14213414e-01 9.24196422e-01 6.28112411e+00
2.07000000e+02 9.32139039e-01 7.13155046e-02 3.55008364e-01 4.98913383e+00 -2.65087727e-02 9.91222799e-01 -1.29517198e-01 -7.85137236e-01 -3.61128956e-01 1.11317202e-01 9.25847888e-01 6.35368013e+00
2.09000000e+02 9.30514872e-01 6.91439584e-02 3.59668225e-01 5.01581669e+00 -2.63205878e-02 9.92103338e-01 -1.22630380e-01 -7.96427250e-01 -3.65307212e-01 1.04642712e-01 9.24986780e-01 6.42481136e+00
2.12000000e+02 9.26558316e-01 6.77383095e-02 3.70001644e-01 5.05612707e+00 -2.39806939e-02 9.92288053e-01 -1.21611372e-01 -8.12436521e-01 -3.75385970e-01 1.03807136e-01 9.21037138e-01 6.52941179e+00
2.14000000e+02 9.22172666e-01 6.93645030e-02 3.80507797e-01 5.08327484e+00 -2.50965469e-02 9.92445111e-01 -1.20095067e-01 -8.22839797e-01 -3.85963470e-01 1.01198956e-01 9.16946530e-01 6.59870434e+00
2.16000000e+02 9.18040514e-01 6.76173940e-02 3.90678227e-01 5.11156654e+00 -2.30891909e-02 9.92795706e-01 -1.17573597e-01 -8.33167195e-01 -3.95813704e-01 9.89168808e-02 9.12987947e-01 6.66671944e+00
2.18000000e+02 9.14271951e-01 7.16786534e-02 3.98709059e-01 5.13990211e+00 -2.48446912e-02 9.92290258e-01 -1.21419936e-01 -8.43355179e-01 -4.04338330e-01 1.01105042e-01 9.09004033e-01 6.73403406e+00
2.21000000e+02 9.13325429e-01 6.72234073e-02 4.01643783e-01 5.18331051e+00 -1.87218431e-02 9.92169559e-01 -1.23487242e-01 -8.58514547e-01 -4.06799942e-01 1.05264522e-01 9.07432199e-01 6.83320999e+00
2.22000000e+02 9.15269136e-01 6.27019480e-02 3.97933334e-01 5.19773865e+00 -1.59728806e-02 9.92684305e-01 -1.19677730e-01 -8.63672793e-01 -4.02526170e-01 1.03181183e-01 9.09574807e-01 6.86618519e+00
2.24000000e+02 9.22647178e-01 5.87032922e-02 3.81151021e-01 5.22451210e+00 -1.36332894e-02 9.92693722e-01 -1.19888626e-01 -8.73752952e-01 -3.85404110e-01 1.05418555e-01 9.16706383e-01 6.93124294e+00
2.25000000e+02 9.28214192e-01 5.57394214e-02 3.67847174e-01 5.23705769e+00 -1.19934883e-02 9.92682576e-01 -1.20155953e-01 -8.78502250e-01 -3.71852905e-01 1.07118689e-01 9.22090590e-01 6.96376705e+00
2.26000000e+02 9.33633983e-01 5.47663122e-02 3.54017347e-01 5.24874210e+00 -1.37169184e-02 9.92985308e-01 -1.17439330e-01 -8.83273542e-01 -3.57965767e-01 1.04789317e-01 9.27836061e-01 6.99638367e+00
2.28000000e+02 9.44370151e-01 5.51149622e-02 3.24233562e-01 5.27026272e+00 -2.18312498e-02 9.94189024e-01 -1.05411388e-01 -8.92557323e-01 -3.28159213e-01 9.24689397e-02 9.40085649e-01 7.06229115e+00
2.30000000e+02 9.54802811e-01 4.96111102e-02 2.93070585e-01 5.28939581e+00 -2.40981430e-02 9.95647132e-01 -9.00335610e-02 -9.00769711e-01 -2.96261549e-01 7.89018348e-02 9.51842189e-01 7.12804604e+00
2.32000000e+02 9.64314044e-01 4.90612872e-02 2.60175705e-01 5.30607986e+00 -2.88482066e-02 9.96300638e-01 -8.09493735e-02 -9.08331752e-01 -2.63184726e-01 7.05550164e-02 9.62162018e-01 7.19356346e+00
2.34000000e+02 9.72826004e-01 4.80034873e-02 2.26506695e-01 5.32005405e+00 -3.09706461e-02 9.96459424e-01 -7.81631619e-02 -9.14770126e-01 -2.29456842e-01 6.90240934e-02 9.70868289e-01 7.25842285e+00
2.36000000e+02 9.78795648e-01 5.39791733e-02 1.97598949e-01 5.33112144e+00 -4.05022278e-02 9.96609092e-01 -7.16235042e-02 -9.21038926e-01 -2.00795084e-01 6.21015765e-02 9.77662921e-01 7.32298946e+00
2.38000000e+02 9.83430445e-01 4.76569980e-02 1.74909458e-01 5.34197807e+00 -3.64277400e-02 9.97097135e-01 -6.68603554e-02 -9.26970422e-01 -1.77588090e-01 5.93809560e-02 9.82311726e-01 7.38610983e+00
2.40000000e+02 9.86138344e-01 5.76563366e-02 1.55585557e-01 5.35011101e+00 -4.63192053e-02 9.96066630e-01 -7.55366161e-02 -9.32820797e-01 -1.59328744e-01 6.72829524e-02 9.84930098e-01 7.44789600e+00
2.42000000e+02 9.88915205e-01 5.42628765e-02 1.38211101e-01 5.35768795e+00 -4.17644754e-02 9.94903266e-01 -9.17783454e-02 -9.38587785e-01 -1.42486826e-01 8.49886835e-02 9.86141205e-01 7.50903893e+00
2.45000000e+02 9.90705431e-01 5.81174307e-02 1.22984231e-01 5.36704731e+00 -4.97916341e-02 9.96322930e-01 -6.97234794e-02 -9.47564125e-01 -1.26584172e-01 6.29518405e-02 9.89956319e-01 7.60326624e+00
2.47000000e+02 9.91209269e-01 5.40323257e-02 1.20767340e-01 5.37348843e+00 -4.68698703e-02 9.97013211e-01 -6.13832437e-02 -9.53491747e-01 -1.23723313e-01 5.51832877e-02 9.90781188e-01 7.66604328e+00
2.49000000e+02 9.91934896e-01 4.72643599e-02 1.17606305e-01 5.38060141e+00 -3.98971997e-02 9.97137368e-01 -6.42281547e-02 -9.58529592e-01 -1.20305344e-01 5.90179898e-02 9.90981102e-01 7.72809267e+00
2.51000000e+02 9.92297351e-01 4.95896973e-02 1.13520361e-01 5.38691282e+00 -4.32100929e-02 9.97381806e-01 -5.79861142e-02 -9.62830544e-01 -1.16098657e-01 5.26342429e-02 9.91842091e-01 7.79090309e+00
2.53000000e+02 9.93232250e-01 4.66703624e-02 1.06355920e-01 5.39284134e+00 -4.15097140e-02 9.97874618e-01 -5.02311885e-02 -9.67662930e-01 -1.08474180e-01 4.54764329e-02 9.93058503e-01 7.85450888e+00
2.55000000e+02 9.94751513e-01 4.35012057e-02 9.26126763e-02 5.39780474e+00 -3.94379795e-02 9.98196423e-01 -4.52611893e-02 -9.71690416e-01 -9.44145545e-02 4.13711779e-02 9.94672954e-01 7.91884613e+00
2.57000000e+02 9.96565819e-01 4.24722880e-02 7.10819736e-02 5.40161657e+00 -3.93683724e-02 9.98232782e-01 -4.45127934e-02 -9.76361394e-01 -7.28469193e-02 4.15615477e-02 9.96476769e-01 7.98325253e+00
2.59000000e+02 9.97869194e-01 4.54226024e-02 4.68384735e-02 5.40355825e+00 -4.30902652e-02 9.97836351e-01 -4.96573858e-02 -9.80613947e-01 -4.89927009e-02 4.75332960e-02 9.97667432e-01 8.04875469e+00
2.61000000e+02 9.98787522e-01 4.33907211e-02 2.32545175e-02 5.40397120e+00 -4.22825627e-02 9.98037159e-01 -4.61956002e-02 -9.84940886e-01 -2.52133328e-02 4.51563261e-02 9.98661697e-01 8.11504745e+00
2.63000000e+02 9.98933673e-01 4.61663418e-02 -3.79587203e-04 5.40287447e+00 -4.61415276e-02 9.98051405e-01 -4.20035794e-02 -9.89008784e-01 -1.56030408e-03 4.19763066e-02 9.99117374e-01 8.18245983e+00
2.65000000e+02 9.98398900e-01 5.38691059e-02 -1.72573179e-02 5.39985371e+00 -5.45014776e-02 9.97769237e-01 -3.85502577e-02 -9.92359757e-01 1.51421539e-02 3.94290797e-02 9.99107659e-01 8.25062180e+00
2.67000000e+02 9.98388886e-01 5.14427982e-02 -2.39425246e-02 5.39732981e+00 -5.21978773e-02 9.98122036e-01 -3.20596620e-02 -9.96304274e-01 2.22483221e-02 3.32577601e-02 9.99199152e-01 8.32092667e+00
2.69000000e+02 9.98693705e-01 4.56884466e-02 -2.28780173e-02 5.39481735e+00 -4.64872159e-02 9.98281002e-01 -3.56928110e-02 -1.00018835e+00 2.12079417e-02 3.67097221e-02 9.99100924e-01 8.39239883e+00
2.71000000e+02 9.98995960e-01 3.91314700e-02 -2.18126085e-02 5.39269114e+00 -3.99484895e-02 9.98464704e-01 -3.83718126e-02 -1.00333774e+00 2.02775728e-02 3.92046683e-02 9.99025404e-01 8.46517944e+00
2.73000000e+02 9.99128163e-01 3.69056016e-02 -1.95152685e-02 5.39067793e+00 -3.74871381e-02 9.98836935e-01 -3.03239729e-02 -1.00738525e+00 1.83734465e-02 3.10291070e-02 9.99349594e-01 8.53879261e+00
2.75000000e+02 9.99198675e-01 3.65493558e-02 -1.63159426e-02 5.38893318e+00 -3.69966961e-02 9.98922646e-01 -2.80135740e-02 -1.01075065e+00 1.52744865e-02 2.85947621e-02 9.99474406e-01 8.61217499e+00
2.78000000e+02 9.99203146e-01 3.82262282e-02 -1.14812972e-02 5.38627052e+00 -3.85760553e-02 9.98744011e-01 -3.19737159e-02 -1.01652026e+00 1.02446424e-02 3.23911421e-02 9.99422789e-01 8.72405624e+00
2.80000000e+02 9.99078751e-01 4.16536368e-02 -1.03262253e-02 5.38505888e+00 -4.20391932e-02 9.98296440e-01 -4.04587500e-02 -1.02034807e+00 8.62338021e-03 4.08555828e-02 9.99127865e-01 8.79845905e+00
2.82000000e+02 9.98967528e-01 4.49524894e-02 -6.57046586e-03 5.38301325e+00 -4.51454967e-02 9.98435795e-01 -3.29825021e-02 -1.02495384e+00 5.07754320e-03 3.32450755e-02 9.99434352e-01 8.87337780e+00
2.84000000e+02 9.98643875e-01 5.20361587e-02 1.61776016e-03 5.38137245e+00 -5.19587658e-02 9.98145044e-01 -3.17295417e-02 -1.02908158e+00 -3.26584280e-03 3.16024572e-02 9.99495208e-01 8.94774437e+00
2.86000000e+02 9.98504341e-01 5.14674187e-02 1.84445772e-02 5.38140154e+00 -5.08837998e-02 9.98228729e-01 -3.08253914e-02 -1.03332186e+00 -1.99984107e-02 2.98407562e-02 9.99354601e-01 9.02276611e+00
2.88000000e+02 9.97978210e-01 4.98338677e-02 3.94471176e-02 5.38393116e+00 -4.83883210e-02 9.98150826e-01 -3.67892161e-02 -1.03767776e+00 -4.12075222e-02 3.48060541e-02 9.98544157e-01 9.09545135e+00
2.90000000e+02 9.96904492e-01 4.65755984e-02 6.33417442e-02 5.38765812e+00 -4.47198227e-02 9.98536706e-01 -3.04073077e-02 -1.04155827e+00 -6.46652952e-02 2.74805501e-02 9.97528553e-01 9.16989613e+00
2.92000000e+02 9.95960951e-01 4.02591974e-02 8.02554786e-02 5.39305067e+00 -3.88954021e-02 9.99072313e-01 -1.84852947e-02 -1.04502785e+00 -8.09252262e-02 1.52890626e-02 9.96602893e-01 9.24382877e+00
2.94000000e+02 9.95089531e-01 4.53244410e-02 8.79915878e-02 5.39780521e+00 -4.42006849e-02 9.98914838e-01 -1.46788862e-02 -1.04766703e+00 -8.85614157e-02 1.07175177e-02 9.96013045e-01 9.31724453e+00
2.96000000e+02 9.94975746e-01 4.39928845e-02 8.99324566e-02 5.40393734e+00 -4.26994823e-02 9.98955667e-01 -1.62565708e-02 -1.05022800e+00 -9.05537084e-02 1.23348236e-02 9.95815158e-01 9.38998508e+00
2.98000000e+02 9.94660676e-01 4.95946258e-02 9.05012712e-02 5.40895271e+00 -4.83258665e-02 9.98700917e-01 -1.61584243e-02 -1.05284190e+00 -9.11850706e-02 1.16985980e-02 9.95765269e-01 9.46467495e+00
3.00000000e+02 9.94937778e-01 4.91504259e-02 8.76526982e-02 5.41449690e+00 -4.81976122e-02 9.98753786e-01 -1.29551124e-02 -1.05553150e+00 -8.81802142e-02 8.66488088e-03 9.96066868e-01 9.53980541e+00
3.02000000e+02 9.95586932e-01 4.53669243e-02 8.21492150e-02 5.42051601e+00 -4.45773602e-02 9.98940647e-01 -1.14210201e-02 -1.05788743e+00 -8.25803280e-02 7.70862307e-03 9.96554613e-01 9.61507893e+00
3.04000000e+02 9.96060908e-01 4.99931537e-02 7.32347295e-02 5.42456579e+00 -4.98058684e-02 9.98749316e-01 -4.38245805e-03 -1.06011677e+00 -7.33622313e-02 7.17675954e-04 9.97305095e-01 9.69098663e+00
3.06000000e+02 9.96602476e-01 5.13426922e-02 6.44003004e-02 5.42819977e+00 -5.14915101e-02 9.98673201e-01 6.52088551e-04 -1.06173420e+00 -6.42813742e-02 -3.96594172e-03 9.97923911e-01 9.76829624e+00
3.08000000e+02 9.96521115e-01 6.23263754e-02 5.53274415e-02 5.43063879e+00 -6.20532110e-02 9.98050749e-01 -6.64324127e-03 -1.06311679e+00 -5.56336418e-02 3.18688480e-03 9.98446167e-01 9.84565639e+00
3.10000000e+02 9.96521652e-01 6.92963451e-02 4.62881550e-02 5.43228769e+00 -6.90624267e-02 9.97590244e-01 -6.63574599e-03 -1.06520593e+00 -4.66364436e-02 3.41589237e-03 9.98906076e-01 9.92379665e+00
3.12000000e+02 9.96613145e-01 7.28541538e-02 3.81384864e-02 5.43365479e+00 -7.25002587e-02 9.97312248e-01 -1.05834259e-02 -1.06728911e+00 -3.88070270e-02 7.78253097e-03 9.99216437e-01 1.00012541e+01
3.14000000e+02 9.96995211e-01 7.19224066e-02 2.87710037e-02 5.43465614e+00 -7.17044324e-02 9.97389376e-01 -8.53883009e-03 -1.06950450e+00 -2.93100271e-02 6.45016367e-03 9.99549568e-01 1.00792122e+01
3.16000000e+02 9.97634709e-01 6.60098642e-02 1.91752650e-02 5.43550968e+00 -6.58268556e-02 9.97780681e-01 -1.00243259e-02 -1.07179570e+00 -1.97944138e-02 8.73836782e-03 9.99765873e-01 1.01567411e+01
3.18000000e+02 9.97321367e-01 7.23593682e-02 1.06881810e-02 5.43495798e+00 -7.22654685e-02 9.97345507e-01 -8.92558135e-03 -1.07413828e+00 -1.13056591e-02 8.12928658e-03 9.99903023e-01 1.02340860e+01
3.20000000e+02 9.97297823e-01 7.34542012e-02 1.24274683e-03 5.43407154e+00 -7.34369010e-02 9.97243047e-01 -1.06440708e-02 -1.07657969e+00 -2.02117232e-03 1.05240447e-02 9.99942601e-01 1.03126345e+01
3.22000000e+02 9.96875584e-01 7.86623806e-02 -7.16230599e-03 5.43209028e+00 -7.88014010e-02 9.96651769e-01 -2.18071658e-02 -1.07884717e+00 5.42292139e-03 2.23034322e-02 9.99736547e-01 1.03901138e+01
3.24000000e+02 9.96394634e-01 8.40247348e-02 -1.17316516e-02 5.42956781e+00 -8.41112807e-02 9.96431172e-01 -7.08864210e-03 -1.08127534e+00 1.10941613e-02 8.04984849e-03 9.99906063e-01 1.04690971e+01
3.26000000e+02 9.96425331e-01 8.33220631e-02 -1.39292674e-02 5.42753410e+00 -8.31394419e-02 9.96450305e-01 1.32133057e-02 -1.08254707e+00 1.49807837e-02 -1.20080002e-02 9.99815702e-01 1.05479918e+01
3.28000000e+02 9.96223986e-01 8.46061781e-02 -1.94828678e-02 5.42482471e+00 -8.43902677e-02 9.96364653e-01 1.16512226e-02 -1.08372676e+00 2.03978065e-02 -9.96306259e-03 9.99742329e-01 1.06249361e+01
3.30000000e+02 9.96032834e-01 8.40116441e-02 -2.93360185e-02 5.42142963e+00 -8.40165466e-02 9.96463776e-01 1.06743141e-03 -1.08448541e+00 2.93219574e-02 1.40151428e-03 9.99569058e-01 1.07020130e+01
3.32000000e+02 9.95883167e-01 8.19465816e-02 -3.87491733e-02 5.41778183e+00 -8.21430683e-02 9.96614397e-01 -3.50344437e-03 -1.08557010e+00 3.83308902e-02 6.67199725e-03 9.99242842e-01 1.07791014e+01
3.34000000e+02 9.95744705e-01 7.96271563e-02 -4.63898070e-02 5.41383982e+00 -7.95646161e-02 9.96824563e-01 3.19590513e-03 -1.08721673e+00 4.64969799e-02 5.08681813e-04 9.98918295e-01 1.08560534e+01
3.36000000e+02 9.95687902e-01 7.73185939e-02 -5.12580574e-02 5.40850067e+00 -7.66564682e-02 9.96948242e-01 1.47628542e-02 -1.08823216e+00 5.22430763e-02 -1.07699344e-02 9.98576343e-01 1.09343166e+01
3.38000000e+02 9.95670259e-01 7.52066523e-02 -5.46324886e-02 5.40352917e+00 -7.38489628e-02 9.96918321e-01 2.64618732e-02 -1.08809686e+00 5.64542376e-02 -2.23127473e-02 9.98155832e-01 1.10120411e+01
3.40000000e+02 9.94749725e-01 8.42178538e-02 -5.81402741e-02 5.39726782e+00 -8.32127705e-02 9.96340990e-01 1.95013955e-02 -1.08841681e+00 5.95699027e-02 -1.45609947e-02 9.98117924e-01 1.10890207e+01
3.42000000e+02 9.94519711e-01 8.44433084e-02 -6.16430975e-02 5.39124012e+00 -8.47636908e-02 9.96397674e-01 -2.59624003e-03 -1.08857691e+00 6.12018071e-02 7.80710811e-03 9.98094857e-01 1.11659164e+01
3.44000000e+02 9.94482934e-01 8.52481574e-02 -6.11269176e-02 5.38519573e+00 -8.50447118e-02 9.96359527e-01 5.92705514e-03 -1.08978701e+00 6.14096560e-02 -6.95834169e-04 9.98112381e-01 1.12442064e+01
3.46000000e+02 9.94646728e-01 8.10346603e-02 -6.41192123e-02 5.37961292e+00 -8.08197707e-02 9.96711016e-01 5.94241498e-03 -1.09100449e+00 6.43898696e-02 -7.28503743e-04 9.97924566e-01 1.13220282e+01
3.48000000e+02 9.94705379e-01 7.81368092e-02 -6.67520836e-02 5.37382460e+00 -7.75618181e-02 9.96924996e-01 1.11664450e-02 -1.09174740e+00 6.74193352e-02 -5.92991011e-03 9.97707129e-01 1.13997650e+01
3.50000000e+02 9.94311035e-01 8.16342384e-02 -6.84206337e-02 5.36705685e+00 -8.08844194e-02 9.96629834e-01 1.36632146e-02 -1.09257638e+00 6.93054348e-02 -8.05132184e-03 9.97563004e-01 1.14777336e+01
3.52000000e+02 9.94294643e-01 7.85845146e-02 -7.21295178e-02 5.36062813e+00 -7.82226324e-02 9.96905148e-01 7.83256441e-03 -1.09309900e+00 7.25218058e-02 -2.14571599e-03 9.97364521e-01 1.15553684e+01
3.54000000e+02 9.94018435e-01 7.70056918e-02 -7.74431378e-02 5.35352087e+00 -7.62098655e-02 9.97004628e-01 1.31841302e-02 -1.09379506e+00 7.82264173e-02 -7.20333820e-03 9.96909618e-01 1.16338835e+01
3.56000000e+02 9.93449032e-01 7.49980584e-02 -8.62224475e-02 5.34583950e+00 -7.39870518e-02 9.97148395e-01 1.48665234e-02 -1.09428978e+00 8.70915353e-02 -8.38978868e-03 9.96164978e-01 1.17123127e+01
3.58000000e+02 9.92176771e-01 8.05756077e-02 -9.53563973e-02 5.33692265e+00 -7.98376426e-02 9.96741116e-01 1.15353689e-02 -1.09519410e+00 9.59751084e-02 -3.83209554e-03 9.95376348e-01 1.17904730e+01
3.60000000e+02 9.91033316e-01 7.60246962e-02 -1.09878369e-01 5.32770538e+00 -7.58557394e-02 9.97102380e-01 5.72302332e-03 -1.09577572e+00 1.09995075e-01 2.66319839e-03 9.93928552e-01 1.18680811e+01
3.62000000e+02 9.89131570e-01 6.67614639e-02 -1.31002679e-01 5.31689310e+00 -6.64408579e-02 9.97767031e-01 6.82152947e-03 -1.09701359e+00 1.31165564e-01 1.95654039e-03 9.91358519e-01 1.19457722e+01
3.64000000e+02 9.84758556e-01 6.67000413e-02 -1.60629228e-01 5.30383587e+00 -6.58925325e-02 9.97772992e-01 1.03547014e-02 -1.09769797e+00 1.60962164e-01 3.87386011e-04 9.86960530e-01 1.20233660e+01
3.66000000e+02 9.79389966e-01 6.96302503e-02 -1.89596891e-01 5.28805637e+00 -6.69462159e-02 9.97545302e-01 2.05323957e-02 -1.09804833e+00 1.90561160e-01 -7.41642760e-03 9.81647313e-01 1.21012993e+01
3.68000000e+02 9.74105716e-01 8.05619135e-02 -2.11253047e-01 5.26951504e+00 -7.81078264e-02 9.96745288e-01 1.99496727e-02 -1.09801221e+00 2.12172672e-01 -2.93257344e-03 9.77227807e-01 1.21772909e+01
3.70000000e+02 9.71240401e-01 9.11484659e-02 -2.19963610e-01 5.25049400e+00 -8.93841460e-02 9.95834887e-01 1.79817304e-02 -1.09813774e+00 2.20686451e-01 2.19667586e-03 9.75342333e-01 1.22540684e+01
3.72000000e+02 9.72543001e-01 1.03938542e-01 -2.08223239e-01 5.23144150e+00 -1.04030423e-01 9.94518280e-01 1.05402227e-02 -1.09856379e+00 2.08177358e-01 1.14107328e-02 9.78024542e-01 1.23311825e+01
3.74000000e+02 9.77677524e-01 9.85625684e-02 -1.85558900e-01 5.21539307e+00 -9.99062583e-02 9.94994581e-01 2.11859192e-03 -1.09944212e+00 1.84838906e-01 1.64671950e-02 9.82630849e-01 1.24090490e+01
3.76000000e+02 9.81539726e-01 1.00981206e-01 -1.62427247e-01 5.20116711e+00 -1.01829104e-01 9.94796991e-01 3.11824726e-03 -1.10080218e+00 1.61897033e-01 1.34791387e-02 9.86715615e-01 1.24872570e+01
3.78000000e+02 9.85310435e-01 9.37868059e-02 -1.42714471e-01 5.18946838e+00 -9.46970806e-02 9.95506048e-01 4.15584829e-04 -1.10249650e+00 1.42112091e-01 1.31051634e-02 9.89763796e-01 1.25652847e+01
3.80000000e+02 9.87930298e-01 9.22488123e-02 -1.24434046e-01 5.17827606e+00 -9.35072303e-02 9.95609343e-01 -4.29824600e-03 -1.10427642e+00 1.23491190e-01 1.58818513e-02 9.92218554e-01 1.26429415e+01
3.82000000e+02 9.88915205e-01 9.90250334e-02 -1.10637754e-01 5.16783333e+00 -9.94923860e-02 9.95037496e-01 1.30229304e-03 -1.10559571e+00 1.10217668e-01 9.71975643e-03 9.93859947e-01 1.27222977e+01
3.84000000e+02 9.89892960e-01 1.00900277e-01 -9.96545702e-02 5.15874243e+00 -1.00375943e-01 9.94896531e-01 1.02744214e-02 -1.10690999e+00 1.00182675e-01 -1.67656210e-04 9.94969070e-01 1.28022604e+01
3.87000000e+02 9.89537895e-01 1.09519362e-01 -9.39163566e-02 5.14508152e+00 -1.11170672e-01 9.93722498e-01 -1.25190234e-02 -1.10936582e+00 9.19557214e-02 2.28287932e-02 9.95501399e-01 1.29214039e+01
3.90000000e+02 9.89565611e-01 1.12430632e-01 -9.01067480e-02 5.13234186e+00 -1.14294797e-01 9.93321419e-01 -1.57862101e-02 -1.11264443e+00 8.77301097e-02 2.59202253e-02 9.95806992e-01 1.30425539e+01
3.93000000e+02 9.89921451e-01 1.07530579e-01 -9.21556726e-02 5.11955070e+00 -1.08784117e-01 9.94027555e-01 -8.67416710e-03 -1.11613119e+00 9.06725377e-02 1.86118167e-02 9.95706856e-01 1.31653919e+01
3.96000000e+02 9.88634467e-01 1.07774712e-01 -1.04816467e-01 5.10541010e+00 -1.09138511e-01 9.93999422e-01 -7.34712789e-03 -1.11901164e+00 1.03395663e-01 1.87031366e-02 9.94464457e-01 1.32889843e+01
3.99000000e+02 9.87167776e-01 1.07360139e-01 -1.18209958e-01 5.08865452e+00 -1.09467499e-01 9.93924260e-01 -1.14621045e-02 -1.12191117e+00 1.16261169e-01 2.42551677e-02 9.92922485e-01 1.34126558e+01
4.02000000e+02 9.84476149e-01 1.04566865e-01 -1.40969664e-01 5.07030487e+00 -1.07650593e-01 9.94084358e-01 -1.44084897e-02 -1.12564182e+00 1.38629094e-01 2.93602832e-02 9.89909053e-01 1.35384798e+01
4.05000000e+02 9.79658246e-01 1.18872531e-01 -1.61675647e-01 5.04701233e+00 -1.19337723e-01 9.92829978e-01 6.86573889e-03 -1.12848210e+00 1.61332577e-01 1.25679262e-02 9.86820042e-01 1.36641712e+01
4.07000000e+02 9.76552784e-01 1.20514743e-01 -1.78383976e-01 5.03051329e+00 -1.21108875e-01 9.92610157e-01 7.59569695e-03 -1.12840354e+00 1.77981153e-01 1.41862845e-02 9.83931661e-01 1.37488174e+01
4.11000000e+02 9.71140444e-01 1.03775248e-01 -2.14748666e-01 4.99349022e+00 -1.09516434e-01 9.93872106e-01 -1.49780158e-02 -1.13208973e+00 2.11878374e-01 3.80642638e-02 9.76554513e-01 1.39179192e+01
4.13000000e+02 9.68306780e-01 9.37709436e-02 -2.31492981e-01 4.97342300e+00 -9.79393050e-02 9.95170832e-01 -6.55392697e-03 -1.13454187e+00 2.29760498e-01 2.90184747e-02 9.72814500e-01 1.40035992e+01
4.15000000e+02 9.64578450e-01 9.08470899e-02 -2.47659475e-01 4.95068264e+00 -9.21013951e-02 9.95728135e-01 6.54119067e-03 -1.13641357e+00 2.47195765e-01 1.65002923e-02 9.68825042e-01 1.40900946e+01
4.17000000e+02 9.59891677e-01 9.76476595e-02 -2.62817323e-01 4.92567110e+00 -9.83575359e-02 9.95095909e-01 1.04871504e-02 -1.13728714e+00 2.62552470e-01 1.57835353e-02 9.64788616e-01 1.41764460e+01
4.19000000e+02 9.56126511e-01 1.00446537e-01 -2.75195539e-01 4.89935112e+00 -9.97956321e-02 9.94872749e-01 1.64038539e-02 -1.13769853e+00 2.75432259e-01 1.17791556e-02 9.61248338e-01 1.42637053e+01
4.21000000e+02 9.53238010e-01 9.80804712e-02 -2.85862684e-01 4.87223816e+00 -9.89551842e-02 9.95026350e-01 1.14208981e-02 -1.13806701e+00 2.85561085e-01 1.74007602e-02 9.58202541e-01 1.43501863e+01
4.23000000e+02 9.50024247e-01 9.56442058e-02 -2.97163427e-01 4.84394073e+00 -9.74656492e-02 9.95200694e-01 8.71725474e-03 -1.13820982e+00 2.96570987e-01 2.06816215e-02 9.54786837e-01 1.44368238e+01
4.25000000e+02 9.46313918e-01 1.03785403e-01 -3.06134820e-01 4.81448364e+00 -1.02710575e-01 9.94516909e-01 1.96641702e-02 -1.13900864e+00 3.06497097e-01 1.28348060e-02 9.51785028e-01 1.45242271e+01
4.27000000e+02 9.42551076e-01 1.05300300e-01 -3.17032039e-01 4.78418922e+00 -1.05865829e-01 9.94259715e-01 1.54933715e-02 -1.13905787e+00 3.16843659e-01 1.89595651e-02 9.48288262e-01 1.46107492e+01
