0.00000000e+00 9.99993801e-01 8.02943890e-04 3.42185097e-03 -1.98489409e-02 -8.53822625e-04 9.99888718e-01 1.48933502e-02 1.49693224e-03 -3.40951164e-03 -1.48961795e-02 9.99883235e-01 8.97979885e-02
1.00000000e+00 9.99987125e-01 1.40900910e-03 4.87909513e-03 -1.94878001e-02 -1.45973300e-03 9.99944746e-01 1.04082562e-02 1.02627405e-03 -4.86416044e-03 -1.04152439e-02 9.99933958e-01 1.70898318e-01
2.00000000e+00 9.99984980e-01 -4.36240545e-04 5.46860555e-03 -1.88570134e-02 3.85733554e-04 9.99957323e-01 9.23346542e-03 1.41402008e-03 -5.47240023e-03 -9.23121721e-03 9.99942422e-01 2.51721442e-01
5.00000000e+00 9.99961197e-01 -7.96310231e-03 3.76210618e-03 -1.72303151e-02 7.88814668e-03 9.99778032e-01 1.95352882e-02 5.97296283e-04 -3.91683262e-03 -1.95048545e-02 9.99802113e-01 4.92165953e-01
6.00000000e+00 9.99941885e-01 -1.02470368e-02 3.35687702e-03 -1.74810067e-02 1.01904711e-02 9.99812663e-01 1.64551307e-02 6.82501122e-04 -3.52486456e-03 -1.64199658e-02 9.99858975e-01 5.70960462e-01
8.00000000e+00 9.99942839e-01 -1.05467569e-02 1.75495807e-03 -1.67492758e-02 1.05241947e-02 9.99867678e-01 1.24035422e-02 5.72717749e-04 -1.88554300e-03 -1.23843635e-02 9.99921560e-01 7.27854133e-01
1.00000000e+01 9.99948323e-01 -1.01593388e-02 -3.84735758e-04 -1.59523338e-02 1.01644536e-02 9.99800324e-01 1.72028709e-02 -2.96927057e-04 2.09889142e-04 -1.72058940e-02 9.99851942e-01 8.83002877e-01
1.10000000e+01 9.99942660e-01 -1.06161479e-02 -1.40905357e-03 -1.58295874e-02 1.06410421e-02 9.99762356e-01 1.90247279e-02 -5.43465838e-04 1.20674947e-03 -1.90386306e-02 9.99818027e-01 9.60655510e-01
1.30000000e+01 9.99926925e-01 -1.17109688e-02 -3.00387107e-03 -1.54295396e-02 1.17678894e-02 9.99736905e-01 1.96883399e-02 -4.31181863e-04 2.77251122e-03 -1.97222512e-02 9.99801636e-01 1.11485195e+00
1.40000000e+01 9.99920249e-01 -1.20589165e-02 -3.75425257e-03 -1.55733386e-02 1.21255163e-02 9.99759853e-01 1.82535108e-02 -2.19695270e-04 3.53323366e-03 -1.82975773e-02 9.99826372e-01 1.19113362e+00
1.60000000e+01 9.99884307e-01 -1.37925632e-02 -6.41839718e-03 -1.68993436e-02 1.38871158e-02 9.99792159e-01 1.49277747e-02 -6.32405281e-05 6.21117046e-03 -1.50151802e-02 9.99867976e-01 1.34278703e+00
1.70000000e+01 9.99879777e-01 -1.33224968e-02 -7.93053489e-03 -1.76537894e-02 1.34343412e-02 9.99808609e-01 1.42209586e-02 -1.27654523e-04 7.73955835e-03 -1.43257901e-02 9.99867439e-01 1.41882038e+00
1.80000000e+01 9.99882817e-01 -1.19938673e-02 -9.51427314e-03 -1.85914412e-02 1.21175721e-02 9.99841392e-01 1.30527625e-02 -6.04633242e-05 9.35621094e-03 -1.31665226e-02 9.99869525e-01 1.49408233e+00
2.00000000e+01 9.99856174e-01 -1.11774141e-02 -1.27544682e-02 -2.02614609e-02 1.13548199e-02 9.99838591e-01 1.39227258e-02 -7.53972679e-04 1.25967897e-02 -1.40655478e-02 9.99821723e-01 1.64421678e+00
2.20000000e+01 9.99825358e-01 -1.00108348e-02 -1.57789998e-02 -2.22139210e-02 1.02544362e-02 9.99828279e-01 1.54337734e-02 -6.97795302e-04 1.56217860e-02 -1.55928833e-02 9.99756396e-01 1.79300368e+00
2.40000000e+01 9.99762774e-01 -1.12129794e-02 -1.86729748e-02 -2.51812320e-02 1.14913583e-02 9.99823451e-01 1.48681654e-02 -1.14440359e-03 1.85029600e-02 -1.50792152e-02 9.99715090e-01 1.93956530e+00
2.60000000e+01 9.99718249e-01 -1.13130100e-02 -2.08672844e-02 -2.82881819e-02 1.16783371e-02 9.99779224e-01 1.74691975e-02 -1.68712065e-03 2.06650477e-02 -1.77079700e-02 9.99629617e-01 2.08480859e+00
2.80000000e+01 9.99668837e-01 -1.21673644e-02 -2.26746686e-02 -3.06041893e-02 1.26637015e-02 9.99680459e-01 2.18760446e-02 -1.91305950e-03 2.24012490e-02 -2.21559443e-02 9.99503553e-01 2.22761321e+00
3.00000000e+01 9.99670506e-01 -9.61998291e-03 -2.37969086e-02 -3.48236300e-02 1.00426143e-02 9.99792814e-01 1.77046228e-02 -1.34884566e-03 2.36216597e-02 -1.79377720e-02 9.99560058e-01 2.36612201e+00
3.20000000e+01 9.99639034e-01 -8.64164811e-03 -2.54377015e-02 -3.85296792e-02 9.04076826e-03 9.99837160e-01 1.56171359e-02 -1.51511654e-03 2.52986010e-02 -1.58414748e-02 9.99554396e-01 2.50060987e+00
3.40000000e+01 9.99546885e-01 -8.48919060e-03 -2.88781300e-02 -4.20040898e-02 8.91091302e-03 9.99855042e-01 1.45063270e-02 -2.14022398e-03 2.87507977e-02 -1.47570847e-02 9.99477684e-01 2.63280463e+00
3.60000000e+01 9.99432564e-01 -8.45264737e-03 -3.26048173e-02 -4.67656441e-02 8.95922258e-03 9.99840915e-01 1.54221384e-02 -2.32670084e-03 3.24692726e-02 -1.57055017e-02 9.99349356e-01 2.76185966e+00
3.80000000e+01 9.99313354e-01 -7.37051154e-03 -3.63108814e-02 -5.19528091e-02 8.07184167e-03 9.99782979e-01 1.92060210e-02 -2.67405435e-03 3.61614451e-02 -1.94859300e-02 9.99155939e-01 2.88902211e+00
4.00000000e+01 9.99182701e-01 -3.41294729e-03 -4.02773879e-02 -5.71198091e-02 4.17148788e-03 9.99815226e-01 1.87639184e-02 -2.96410546e-03 4.02059071e-02 -1.89165995e-02 9.99012351e-01 3.01144361e+00
4.20000000e+01 9.99049187e-01 -1.76556059e-03 -4.35609668e-02 -6.26812577e-02 2.61055958e-03 9.99809384e-01 1.93488244e-02 -3.14489752e-03 4.35185023e-02 -1.94441453e-02 9.98863399e-01 3.13202620e+00
4.40000000e+01 9.99008656e-01 2.64128670e-03 -4.44383211e-02 -6.90579489e-02 -1.67108735e-03 9.99759734e-01 2.18554921e-02 -2.98248231e-03 4.44853716e-02 -2.17595641e-02 9.98773038e-01 3.24746346e+00
4.60000000e+01 9.99124527e-01 7.29124388e-03 -4.11954038e-02 -7.49150291e-02 -6.60466356e-03 9.99837399e-01 1.67780146e-02 -3.32877785e-03 4.13110368e-02 -1.64912436e-02 9.99010205e-01 3.35937023e+00
4.80000000e+01 9.99315679e-01 8.80312733e-03 -3.59252170e-02 -7.91313425e-02 -8.25438369e-03 9.99847412e-01 1.53944446e-02 -2.64716148e-03 3.60552557e-02 -1.50873698e-02 9.99235928e-01 3.46897459e+00
5.00000000e+01 9.99445498e-01 1.75555479e-02 -2.82929782e-02 -8.41087773e-02 -1.69468373e-02 9.99622762e-01 2.16126312e-02 -2.88874656e-03 2.86617260e-02 -2.11211704e-02 9.99365985e-01 3.57631993e+00
5.20000000e+01 9.99487400e-01 2.61005927e-02 -1.85386203e-02 -8.69275928e-02 -2.56761927e-02 9.99410868e-01 2.27733012e-02 -2.56840885e-03 1.91220958e-02 -2.22856272e-02 9.99568760e-01 3.67748928e+00
5.40000000e+01 9.99372542e-01 3.49267386e-02 -5.88684576e-03 -8.88051987e-02 -3.47604863e-02 9.99049366e-01 2.63062101e-02 -2.51056254e-03 6.80004014e-03 -2.60850750e-02 9.99636590e-01 3.77295899e+00
5.60000000e+01 9.99103308e-01 4.14801240e-02 8.48183222e-03 -8.86204094e-02 -4.16895635e-02 9.98786509e-01 2.62202527e-02 -2.86233425e-03 -7.38391979e-03 -2.65503451e-02 9.99620199e-01 3.86112070e+00
5.80000000e+01 9.98474360e-01 4.96716313e-02 2.41185147e-02 -8.82795528e-02 -5.02239279e-02 9.98476326e-01 2.28601675e-02 -2.26656348e-03 -2.29462646e-02 -2.40366179e-02 9.99447703e-01 3.94233608e+00
6.00000000e+01 9.97827470e-01 5.21335974e-02 4.02798504e-02 -8.60490650e-02 -5.29558882e-02 9.98404026e-01 1.96238682e-02 -2.34639645e-03 -3.91925015e-02 -2.17142887e-02 9.98995721e-01 4.01635075e+00
6.20000000e+01 9.96999383e-01 5.29220067e-02 5.64928204e-02 -8.22778493e-02 -5.42171858e-02 9.98294532e-01 2.16443464e-02 -2.30879337e-03 -5.52510098e-02 -2.46422831e-02 9.98168349e-01 4.08287048e+00
6.60000000e+01 9.93707657e-01 6.26886114e-02 9.28179771e-02 -7.38714933e-02 -6.49764016e-02 9.97647941e-01 2.18318086e-02 -2.73424387e-03 -9.12310630e-02 -2.77254153e-02 9.95443702e-01 4.18934107e+00
6.80000000e+01 9.91510808e-01 5.99247850e-02 1.15392193e-01 -6.75861835e-02 -6.21180199e-02 9.97948408e-01 1.55023132e-02 -3.02249938e-03 -1.14226483e-01 -2.25386452e-02 9.93199050e-01 4.23516464e+00
7.00000000e+01 9.87627685e-01 6.22495450e-02 1.43932521e-01 -5.98269701e-02 -6.42675683e-02 9.97888327e-01 9.40953102e-03 -3.96109372e-03 -1.43042848e-01 -1.85433067e-02 9.89542782e-01 4.27872944e+00
7.50000000e+01 9.70168471e-01 6.12640046e-02 2.34563157e-01 -3.37971449e-02 -6.39995337e-02 9.97941673e-01 4.06044349e-03 -5.39925694e-03 -2.33831584e-01 -1.89512465e-02 9.72092390e-01 4.38152647e+00
7.80000000e+01 9.50855434e-01 6.47310093e-02 3.02793473e-01 -1.18775368e-02 -6.73850402e-02 9.97725606e-01 -1.68549933e-03 -6.22618198e-03 -3.02213937e-01 -1.88010838e-02 9.53054726e-01 4.44297123e+00
8.10000000e+01 9.20721591e-01 6.91464543e-02 3.84044886e-01 1.61339045e-02 -7.27422461e-02 9.97337341e-01 -5.17383637e-03 -8.38409178e-03 -3.83380055e-01 -2.31726225e-02 9.23299909e-01 4.50297213e+00
8.40000000e+01 8.75280619e-01 6.25715479e-02 4.79550421e-01 5.42587042e-02 -6.35372922e-02 9.97877955e-01 -1.42337540e-02 -1.09342746e-02 -4.79423434e-01 -1.80108063e-02 8.77398849e-01 4.56056786e+00
8.60000000e+01 8.33505750e-01 6.52188808e-02 5.48648059e-01 8.45930576e-02 -6.22326098e-02 9.97771561e-01 -2.40633450e-02 -1.24156326e-02 -5.48994839e-01 -1.40868668e-02 8.35707009e-01 4.59853268e+00
8.90000000e+01 7.50690937e-01 7.48042017e-02 6.56404912e-01 1.40231133e-01 -6.96087554e-02 9.96994436e-01 -3.40105779e-02 -1.56055987e-02 -6.56976163e-01 -2.01600958e-02 7.53641725e-01 4.65782595e+00
9.20000000e+01 6.41040683e-01 7.04485402e-02 7.64266849e-01 2.14658499e-01 -6.25385642e-02 9.97261763e-01 -3.94703448e-02 -2.04170123e-02 -7.64954746e-01 -2.24940516e-02 6.43691123e-01 4.71593380e+00
9.50000000e+01 5.03509462e-01 6.76363558e-02 8.61338198e-01 3.10324550e-01 -5.39852455e-02 9.97446001e-01 -4.67662178e-02 -2.59601250e-02 -8.62301469e-01 -2.29523201e-02 5.05874872e-01 4.76943541e+00
9.80000000e+01 3.54413271e-01 6.17927536e-02 9.33044970e-01 4.22889829e-01 -5.52785397e-02 9.97453630e-01 -4.50610220e-02 -3.33196968e-02 -9.33453560e-01 -3.56071405e-02 3.56926620e-01 4.81121254e+00
1.00000000e+02 2.57352412e-01 5.82618602e-02 9.64559615e-01 5.05695939e-01 -4.21453565e-02 9.97907639e-01 -4.90314402e-02 -3.85850519e-02 -9.65398133e-01 -2.80333497e-02 2.59269416e-01 4.82981682e+00
1.02000000e+02 1.70734286e-01 5.13668619e-02 9.83977258e-01 5.96245825e-01 -1.95211601e-02 9.98620510e-01 -4.87440825e-02 -4.37038392e-02 -9.85123694e-01 -1.08860908e-02 1.71501502e-01 4.84073162e+00
1.04000000e+02 9.94220376e-02 5.35067171e-02 9.93605673e-01 6.90418661e-01 -7.12992344e-03 9.98565853e-01 -5.30603938e-02 -4.89805192e-02 -9.95019794e-01 -1.80895999e-03 9.96609554e-02 4.84720707e+00
1.06000000e+02 4.53060307e-02 5.03110029e-02 9.97705460e-01 7.90026963e-01 7.21503329e-03 9.98688459e-01 -5.06882071e-02 -5.52686490e-02 -9.98947084e-01 9.49495938e-03 4.48836125e-02 4.84893656e+00
1.08000000e+02 9.42896027e-03 5.12804314e-02 9.98639762e-01 8.94891262e-01 1.46416584e-02 9.98570025e-01 -5.14150932e-02 -6.06470034e-02 -9.99848366e-01 1.51065337e-02 8.66464712e-03 4.84787560e+00
1.10000000e+02 -1.58479400e-02 5.17993681e-02 9.98531759e-01 1.00313759e+00 1.63858160e-02 9.98536527e-01 -5.15395515e-02 -6.75568953e-02 -9.99740124e-01 1.55449621e-02 -1.66735221e-02 4.84559059e+00
1.12000000e+02 -3.12658921e-02 5.69555201e-02 9.97887015e-01 1.11670947e+00 2.51222886e-02 9.98104513e-01 -5.61807975e-02 -7.39808530e-02 -9.99195337e-01 2.33126637e-02 -3.26374806e-02 4.84020233e+00
1.14000000e+02 -3.95301357e-02 5.36612645e-02 9.97776449e-01 1.23410416e+00 2.33950056e-02 9.98332918e-01 -5.27643226e-02 -8.05323124e-02 -9.98944461e-01 2.12572031e-02 -4.07196395e-02 4.83548546e+00
1.16000000e+02 -4.33055982e-02 4.09440622e-02 9.98222530e-01 1.35621488e+00 2.23992672e-02 9.98948514e-01 -4.00020964e-02 -8.78642499e-02 -9.98810768e-01 2.06271373e-02 -4.41771820e-02 4.83007860e+00
1.18000000e+02 -4.35879119e-02 4.05025333e-02 9.98228252e-01 1.48164093e+00 2.81564947e-02 9.98830795e-01 -3.92975211e-02 -9.52559561e-02 -9.98652756e-01 2.63937116e-02 -4.46773581e-02 4.82336092e+00
1.20000000e+02 -4.05061059e-02 5.62203526e-02 9.97596383e-01 1.60931468e+00 3.00680660e-02 9.98032212e-01 -5.50240390e-02 -1.01177908e-01 -9.98726785e-01 2.77669840e-02 -4.21168320e-02 4.81799936e+00
1.22000000e+02 -3.62460315e-02 5.26639260e-02 9.97954249e-01 1.74094987e+00 2.98845060e-02 9.98220980e-01 -5.15925847e-02 -1.08561106e-01 -9.98895943e-01 2.79533453e-02 -3.77553850e-02 4.81277847e+00
1.24000000e+02 -3.12757567e-02 4.43579257e-02 9.98526037e-01 1.87459660e+00 2.76691131e-02 9.98670280e-01 -4.34976853e-02 -1.17282577e-01 -9.99127746e-01 2.62679048e-02 -3.24615166e-02 4.80914354e+00
1.26000000e+02 -2.43820306e-02 5.58104180e-02 9.98143613e-01 2.00712824e+00 3.71040404e-02 9.97803032e-01 -5.48850186e-02 -1.24620534e-01 -9.99013901e-01 3.56969535e-02 -2.63992567e-02 4.80389071e+00
1.28000000e+02 -1.87099911e-02 5.24971485e-02 9.98445809e-01 2.14098930e+00 2.62267459e-02 9.98302758e-01 -5.19981608e-02 -1.33592457e-01 -9.99480903e-01 2.52130982e-02 -2.00550649e-02 4.80263948e+00
1.30000000e+02 -1.04420641e-02 4.99844737e-02 9.98695433e-01 2.27618957e+00 3.48245092e-02 9.98162150e-01 -4.95936722e-02 -1.42995089e-01 -9.99338865e-01 3.42612155e-02 -1.21635580e-02 4.79984951e+00
1.32000000e+02 -4.26915614e-03 5.51799648e-02 9.98467326e-01 2.41020012e+00 3.07680070e-02 9.98010933e-01 -5.50231859e-02 -1.51663661e-01 -9.99517441e-01 3.04859448e-02 -5.95844211e-03 4.80018473e+00
1.34000000e+02 2.96651712e-03 5.15694842e-02 9.98664975e-01 2.54578972e+00 3.39703970e-02 9.98087823e-01 -5.16405888e-02 -1.60791427e-01 -9.99418437e-01 3.40782367e-02 1.20900874e-03 4.80014277e+00
1.36000000e+02 1.05045978e-02 5.31562418e-02 9.98530984e-01 2.68096328e+00 4.12719250e-02 9.97712076e-01 -5.35468310e-02 -1.69714272e-01 -9.99092758e-01 4.17737849e-02 8.28670338e-03 4.79938793e+00
1.38000000e+02 1.64844263e-02 5.12635522e-02 9.98549104e-01 2.81675148e+00 4.30518053e-02 9.97722208e-01 -5.19318171e-02 -1.78958058e-01 -9.98936832e-01 4.38454077e-02 1.42398905e-02 4.80148602e+00
1.41000000e+02 2.59567592e-02 5.23750186e-02 9.98290062e-01 3.02150393e+00 4.04100567e-02 9.97755349e-01 -5.33976741e-02 -1.92365766e-01 -9.98845994e-01 4.17269915e-02 2.37820167e-02 4.80646324e+00
1.44000000e+02 3.41341048e-02 5.26711270e-02 9.98028338e-01 3.22822094e+00 3.83984447e-02 9.97803867e-01 -5.39725609e-02 -2.05314115e-01 -9.98679340e-01 4.01650406e-02 3.20366547e-02 4.81280375e+00
1.47000000e+02 4.31224629e-02 5.80327362e-02 9.97382879e-01 3.43578672e+00 3.26494612e-02 9.97696459e-01 -5.94625995e-02 -2.19680607e-01 -9.98536170e-01 3.51281874e-02 4.11283933e-02 4.82226372e+00
1.49000000e+02 4.98398952e-02 6.26202375e-02 9.96792197e-01 3.57613063e+00 2.69768871e-02 9.97583985e-01 -6.40188307e-02 -2.29224429e-01 -9.98392820e-01 3.00810430e-02 4.80301827e-02 4.82904005e+00
1.52000000e+02 5.99365681e-02 6.31250143e-02 9.96204197e-01 3.79101086e+00 2.43263002e-02 9.97609675e-01 -6.46776631e-02 -2.45915234e-01 -9.97905731e-01 2.81105209e-02 5.82577027e-02 4.84164524e+00
1.54000000e+02 6.76166490e-02 6.21112175e-02 9.95776176e-01 3.93567061e+00 1.97269060e-02 9.97781992e-01 -6.35758564e-02 -2.56298155e-01 -9.97516334e-01 2.39423681e-02 6.62414134e-02 4.85268974e+00
1.56000000e+02 7.70913064e-02 6.57440647e-02 9.94854093e-01 4.08178329e+00 1.65953021e-02 9.97600734e-01 -6.72115460e-02 -2.67597973e-01 -9.96885896e-01 2.16913316e-02 7.58152977e-02 4.86452246e+00
1.58000000e+02 9.04159769e-02 7.92914331e-02 9.92742598e-01 4.22828102e+00 1.31218173e-02 9.96644080e-01 -8.07981491e-02 -2.79359847e-01 -9.95817661e-01 2.03320310e-02 8.90721008e-02 4.87801218e+00
1.61000000e+02 1.12447217e-01 7.86817819e-02 9.90537643e-01 4.45099449e+00 5.22977579e-03 9.96799350e-01 -7.97728598e-02 -2.99545228e-01 -9.93643939e-01 1.41505264e-02 1.11675829e-01 4.90300608e+00
1.64000000e+02 1.34358183e-01 6.23778924e-02 9.88967597e-01 4.67728138e+00 2.65125418e-04 9.98014450e-01 -6.29845336e-02 -3.18459183e-01 -9.90932822e-01 8.72468855e-03 1.34074882e-01 4.93378878e+00
1.66000000e+02 1.49192065e-01 6.15453236e-02 9.86891031e-01 4.82533836e+00 -4.27537343e-05 9.98061478e-01 -6.22354820e-02 -3.30541074e-01 -9.88808215e-01 9.24284663e-03 1.48905486e-01 4.95604801e+00
1.69000000e+02 1.64989352e-01 7.47544691e-02 9.83458340e-01 5.04085064e+00 -2.06498313e-03 9.97147560e-01 -7.54485801e-02 -3.48695070e-01 -9.86293197e-01 1.04173869e-02 1.64673090e-01 4.99255180e+00
1.71000000e+02 1.75707966e-01 7.11565167e-02 9.81867313e-01 5.18175888e+00 -6.56732882e-04 9.97392535e-01 -7.21641108e-02 -3.61574054e-01 -9.84442115e-01 1.20349843e-02 1.75296545e-01 5.01749468e+00
1.73000000e+02 1.83795661e-01 5.82999364e-02 9.81234074e-01 5.32138634e+00 -1.36742170e-03 9.98253763e-01 -5.90550303e-02 -3.72747988e-01 -9.82963502e-01 9.51229781e-03 1.83554441e-01 5.04333782e+00
1.75000000e+02 1.89950824e-01 5.52471913e-02 9.80237961e-01 5.45669031e+00 -6.99847331e-03 9.98466313e-01 -5.49183935e-02 -3.83318126e-01 -9.81768668e-01 3.57162463e-03 1.90046147e-01 5.07092667e+00
1.78000000e+02 1.95670292e-01 6.56793192e-02 9.78467882e-01 5.65225935e+00 -1.40759377e-02 9.97840047e-01 -6.41648099e-02 -3.98398668e-01 -9.80568707e-01 -1.21770473e-03 1.96172148e-01 5.11157894e+00
1.80000000e+02 1.99001953e-01 7.30173066e-02 9.77275133e-01 5.77809811e+00 -1.37335425e-02 9.97330308e-01 -7.17191845e-02 -4.09127384e-01 -9.79902864e-01 8.50807119e-04 1.99473456e-01 5.13840246e+00
1.82000000e+02 2.00997323e-01 7.00081661e-02 9.77086961e-01 5.90181112e+00 -1.61568355e-02 9.97544229e-01 -6.81502968e-02 -4.19625014e-01 -9.79458570e-01 -2.08860636e-03 2.01634824e-01 5.16467190e+00
1.84000000e+02 2.01292574e-01 6.63551241e-02 9.77281094e-01 6.02246475e+00 -1.52632603e-02 9.97794211e-01 -6.46041185e-02 -4.29712564e-01 -9.79412258e-01 -1.91216718e-03 2.01861367e-01 5.19013882e+00
1.87000000e+02 1.96042791e-01 6.91327825e-02 9.78155375e-01 6.19515371e+00 -1.74119994e-02 9.97599840e-01 -6.70173317e-02 -4.44720179e-01 -9.80440736e-01 -3.89337656e-03 1.96776003e-01 5.22574139e+00
1.89000000e+02 1.92237541e-01 7.36871213e-02 9.78578031e-01 6.30619097e+00 -1.35012493e-02 9.97281134e-01 -7.24432096e-02 -4.54275817e-01 -9.81255531e-01 7.14279537e-04 1.92709744e-01 5.24685144e+00
1.91000000e+02 1.87501892e-01 6.96265474e-02 9.79793429e-01 6.41394043e+00 -1.47548197e-02 9.97571707e-01 -6.80662990e-02 -4.63315815e-01 -9.82153416e-01 -1.69411534e-03 1.88073903e-01 5.26736832e+00
1.93000000e+02 1.83722377e-01 6.47152960e-02 9.80845571e-01 6.51874113e+00 -1.07298521e-02 9.97903049e-01 -6.38309196e-02 -4.72807080e-01 -9.82919633e-01 1.20284047e-03 1.84031501e-01 5.28598261e+00
1.95000000e+02 1.79474637e-01 6.82411566e-02 9.81392860e-01 6.61920929e+00 -2.76566716e-03 9.97622252e-01 -6.88638836e-02 -4.81145173e-01 -9.83758688e-01 9.64511465e-03 1.79236621e-01 5.30360270e+00
1.98000000e+02 1.75415009e-01 7.10386410e-02 9.81928229e-01 6.77004099e+00 -1.31034397e-03 9.97409225e-01 -7.19245449e-02 -4.93519247e-01 -9.84493732e-01 1.13299796e-02 1.75053626e-01 5.33034229e+00
2.00000000e+02 1.78244412e-01 6.77953437e-02 9.81647968e-01 6.87081861e+00 9.48229339e-03 9.97458994e-01 -7.06090555e-02 -5.01354992e-01 -9.83940542e-01 2.18939446e-02 1.77148640e-01 5.34690475e+00
2.03000000e+02 1.89176902e-01 6.77602068e-02 9.79602277e-01 7.02355194e+00 8.02671723e-03 9.97476161e-01 -7.05466494e-02 -5.14156222e-01 -9.81910229e-01 2.12087873e-02 1.88155562e-01 5.37562943e+00
2.05000000e+02 2.03189626e-01 6.70889765e-02 9.76838291e-01 7.12618685e+00 7.56804179e-03 9.97512460e-01 -7.00830817e-02 -5.21794498e-01 -9.79110181e-01 2.16329079e-02 2.02176452e-01 5.39724493e+00
2.07000000e+02 2.20677584e-01 6.44897968e-02 9.73212421e-01 7.23245001e+00 4.30429634e-03 9.97737586e-01 -6.70909584e-02 -5.30854285e-01 -9.75337327e-01 1.89944655e-02 2.19900742e-01 5.42213345e+00
2.10000000e+02 2.49452099e-01 7.01993480e-02 9.65839386e-01 7.39407969e+00 -5.46389306e-03 9.97455239e-01 -7.10860714e-02 -5.43533564e-01 -9.68371749e-01 1.24553265e-02 2.49200866e-01 5.46497440e+00
2.12000000e+02 2.70453691e-01 7.49851093e-02 9.59808350e-01 7.50585461e+00 -1.11807846e-02 9.97139513e-01 -7.47511089e-02 -5.52592576e-01 -9.62668061e-01 9.48530156e-03 2.70518452e-01 5.49759769e+00
2.14000000e+02 2.90477097e-01 7.61134923e-02 9.53849971e-01 7.62081814e+00 -1.50906760e-02 9.97071862e-01 -7.49668404e-02 -5.62373340e-01 -9.56762969e-01 7.38190999e-03 2.90775150e-01 5.53433609e+00
2.16000000e+02 3.11500371e-01 7.26143718e-02 9.47467506e-01 7.73923111e+00 -1.90269649e-02 9.97352719e-01 -7.01820776e-02 -5.71335793e-01 -9.50055540e-01 3.83431069e-03 3.12057376e-01 5.57359886e+00
2.18000000e+02 3.33116263e-01 6.12737872e-02 9.40892696e-01 7.86141396e+00 -1.39364293e-02 9.98097181e-01 -6.00650236e-02 -5.81042111e-01 -9.42782760e-01 6.89595100e-03 3.33336323e-01 5.61690903e+00
2.20000000e+02 3.53067458e-01 5.60324378e-02 9.33918476e-01 7.98817205e+00 -8.68821424e-03 9.98358309e-01 -5.66140674e-02 -5.89421034e-01 -9.35557544e-01 1.18745007e-02 3.52974653e-01 5.66422272e+00
2.22000000e+02 3.68519902e-01 4.11953703e-02 9.28706646e-01 8.11838818e+00 7.56805390e-03 9.98851597e-01 -4.73099239e-02 -5.97493112e-01 -9.29589033e-01 2.44631507e-02 3.67784917e-01 5.71462059e+00
2.24000000e+02 3.83054018e-01 3.70158069e-02 9.22984004e-01 8.25140953e+00 1.47301480e-02 9.98824954e-01 -4.61706296e-02 -6.06521130e-01 -9.23608482e-01 3.12815383e-02 3.82058680e-01 5.76824474e+00
2.27000000e+02 4.03201848e-01 5.01510017e-02 9.13735807e-01 8.44864464e+00 1.87633410e-02 9.97834206e-01 -6.30464479e-02 -6.19542658e-01 -9.14918661e-01 4.25651819e-02 4.01387602e-01 5.85249996e+00
2.29000000e+02 4.11606729e-01 5.50973751e-02 9.09694552e-01 8.57717609e+00 5.01544075e-03 9.98018801e-01 -6.27162233e-02 -6.30884230e-01 -9.11347747e-01 3.03769372e-02 4.10514921e-01 5.91260910e+00
2.31000000e+02 4.19531792e-01 6.24682531e-02 9.05588627e-01 8.70229816e+00 9.65415267e-04 9.97597992e-01 -6.92623854e-02 -6.42155588e-01 -9.07740116e-01 2.99320407e-02 4.18463767e-01 5.97157097e+00
2.34000000e+02 4.31472987e-01 6.03277944e-02 9.00106430e-01 8.88607979e+00 -1.22111209e-03 9.97799635e-01 -6.62901327e-02 -6.58926964e-01 -9.02125001e-01 2.75032707e-02 4.30597275e-01 6.05969524e+00
2.36000000e+02 4.38324690e-01 5.67688234e-02 8.97022188e-01 9.00366783e+00 -2.94158305e-03 9.98088717e-01 -6.17275201e-02 -6.70056105e-01 -8.98811877e-01 2.44180318e-02 4.37653929e-01 6.11776733e+00
2.39000000e+02 4.46827769e-01 5.75778559e-02 8.92765224e-01 9.17331696e+00 -2.02741893e-03 9.97989357e-01 -6.33494407e-02 -6.84402823e-01 -8.94617736e-01 2.64962800e-02 4.46046084e-01 6.20229530e+00
2.42000000e+02 4.52176809e-01 5.56317419e-02 8.90191674e-01 9.33550644e+00 2.81578192e-04 9.98044014e-01 -6.25149012e-02 -6.98840499e-01 -8.91928256e-01 2.85184477e-02 4.51276690e-01 6.28488874e+00
2.45000000e+02 4.60731804e-01 5.66584542e-02 8.85729074e-01 9.48888397e+00 4.49854927e-03 9.97798383e-01 -6.61673397e-02 -7.12965488e-01 -8.87528002e-01 3.44698951e-02 4.59462583e-01 6.36360645e+00
2.48000000e+02 4.70974565e-01 5.35570756e-02 8.80519509e-01 9.63411236e+00 1.01778321e-02 9.97758985e-01 -6.61320388e-02 -7.25925088e-01 -8.82088065e-01 4.01082896e-02 4.69374001e-01 6.43877697e+00
2.51000000e+02 4.81992573e-01 5.35650924e-02 8.74536395e-01 9.77344036e+00 1.21704191e-02 9.97623920e-01 -6.78117722e-02 -7.39041865e-01 -8.76090765e-01 4.33282480e-02 4.80195403e-01 6.51391125e+00
2.54000000e+02 4.96252060e-01 6.32923916e-02 8.65868330e-01 9.91023827e+00 8.13188497e-03 9.96956468e-01 -7.75351375e-02 -7.52823830e-01 -8.68140399e-01 4.55181114e-02 4.94226992e-01 6.59308577e+00
2.57000000e+02 5.14532566e-01 8.12826529e-02 8.53609622e-01 1.00438471e+01 -6.16157753e-03 9.95821714e-01 -9.11103860e-02 -7.67353773e-01 -8.57448697e-01 4.16196808e-02 5.12883544e-01 6.67530489e+00
2.60000000e+02 5.31307101e-01 7.83870742e-02 8.43545020e-01 1.01801434e+01 -2.28884630e-02 9.96674895e-01 -7.82004744e-02 -7.81915069e-01 -8.46870005e-01 2.22410224e-02 5.31334639e-01 6.76401854e+00
2.63000000e+02 5.49596786e-01 7.84640759e-02 8.31737161e-01 1.03205738e+01 -3.67660746e-02 9.96886790e-01 -6.97495416e-02 -7.95687675e-01 -8.34620655e-01 7.75441248e-03 5.50770581e-01 6.85987949e+00
2.66000000e+02 5.68203866e-01 8.79141614e-02 8.18178117e-01 1.04672174e+01 -4.59344871e-02 9.96114969e-01 -7.51333386e-02 -8.10453773e-01 -8.21604729e-01 5.10846497e-03 5.70034683e-01 6.96275949e+00
2.69000000e+02 5.88040709e-01 8.90816599e-02 8.03910792e-01 1.06208954e+01 -5.54162934e-02 9.96018231e-01 -6.98335171e-02 -8.25918257e-01 -8.06930721e-01 -3.48480488e-03 5.90635836e-01 7.07770634e+00
2.72000000e+02 6.10652387e-01 8.97885785e-02 7.86792040e-01 1.07787571e+01 -6.10438250e-02 9.95932162e-01 -6.62777126e-02 -8.40576768e-01 -7.89542496e-01 -7.55615067e-03 6.13649368e-01 7.20186186e+00
2.75000000e+02 6.30422652e-01 9.04931501e-02 7.70959318e-01 1.09446764e+01 -6.41912371e-02 9.95857418e-01 -6.44011572e-02 -8.55705738e-01 -7.73593426e-01 -8.88888724e-03 6.33619905e-01 7.33877945e+00
2.78000000e+02 6.41601801e-01 8.27015489e-02 7.62566447e-01 1.11168003e+01 -5.40217496e-02 9.96573865e-01 -6.26276582e-02 -8.72165442e-01 -7.65133142e-01 -1.01315347e-03 6.43871307e-01 7.48290205e+00
2.80000000e+02 6.49371445e-01 7.06737489e-02 7.57180214e-01 1.12356634e+01 -4.02997434e-02 9.97471273e-01 -5.85402697e-02 -8.82454813e-01 -7.59402812e-01 7.50021217e-03 6.50577545e-01 7.58266830e+00
2.82000000e+02 6.56126618e-01 6.38702065e-02 7.51943111e-01 1.13561745e+01 -3.45630795e-02 9.97909725e-01 -5.46037890e-02 -8.92913103e-01 -7.53858924e-01 9.83752869e-03 6.56962693e-01 7.68686914e+00
2.84000000e+02 6.62336648e-01 7.04737157e-02 7.45884478e-01 1.14752026e+01 -4.11801152e-02 9.97485518e-01 -5.76783866e-02 -9.03103352e-01 -7.48073757e-01 7.48690171e-03 6.63573325e-01 7.79377842e+00
2.86000000e+02 6.68154716e-01 7.09838495e-02 7.40628481e-01 1.15947647e+01 -4.77962345e-02 9.97477412e-01 -5.24817891e-02 -9.13315892e-01 -7.42485523e-01 -3.33296688e-04 6.69862032e-01 7.90335178e+00
2.87000000e+02 6.71554565e-01 6.86370060e-02 7.37769246e-01 1.16553507e+01 -5.14033623e-02 9.97617006e-01 -4.60215509e-02 -9.18043196e-01 -7.39169955e-01 -7.01783784e-03 6.73482418e-01 7.95962286e+00
2.89000000e+02 6.79863632e-01 5.90544827e-02 7.30956912e-01 1.17766628e+01 -4.85137440e-02 9.98190701e-01 -3.55217941e-02 -9.26721334e-01 -7.31732070e-01 -1.13114798e-02 6.81498528e-01 8.07236195e+00
2.91000000e+02 6.89890981e-01 5.34988008e-02 7.21933722e-01 1.18986645e+01 -3.26833092e-02 9.98550415e-01 -4.27647680e-02 -9.35026824e-01 -7.23175108e-01 5.90784522e-03 6.90639496e-01 8.18633842e+00
2.93000000e+02 7.00802088e-01 5.54811656e-02 7.11194932e-01 1.20193129e+01 -2.37515830e-02 9.98232961e-01 -5.44688478e-02 -9.44665492e-01 -7.12960184e-01 2.12798771e-02 7.00881541e-01 8.30393600e+00
2.95000000e+02 7.12581635e-01 4.57927622e-02 7.00093210e-01 1.21394491e+01 -1.67292450e-02 9.98692930e-01 -4.82963659e-02 -9.54793632e-01 -7.01389730e-01 2.27030721e-02 7.12416291e-01 8.42479515e+00
2.97000000e+02 7.22718477e-01 4.47000749e-02 6.89695537e-01 1.22585192e+01 -1.01009617e-02 9.98482883e-01 -5.41283898e-02 -9.65781212e-01 -6.91068709e-01 3.21529992e-02 7.22073555e-01 8.54715252e+00
2.99000000e+02 7.29493082e-01 4.39213738e-02 6.82576597e-01 1.23762016e+01 -9.03083943e-03 9.98467684e-01 -5.45962714e-02 -9.76478577e-01 -6.83928609e-01 3.36633623e-02 7.28771865e-01 8.67324162e+00
3.01000000e+02 7.33449161e-01 3.41793932e-02 6.78884447e-01 1.24947872e+01 -2.48646899e-03 9.98863220e-01 -4.76028621e-02 -9.87414956e-01 -6.79739714e-01 3.32262553e-02 7.32700408e-01 8.79948044e+00
3.03000000e+02 7.34493732e-01 2.86966804e-02 6.78008497e-01 1.26132870e+01 1.25497323e-03 9.99046326e-01 -4.36441228e-02 -9.97151196e-01 -6.78614318e-01 3.29072140e-02 7.33757257e-01 8.92705536e+00
3.05000000e+02 7.33630538e-01 3.13538983e-02 6.78824842e-01 1.27305202e+01 -1.90163055e-03 9.99025822e-01 -4.40883376e-02 -1.00724804e+00 -6.79545879e-01 3.10536753e-02 7.32975483e-01 9.05495739e+00
3.07000000e+02 7.30431557e-01 3.88098732e-02 6.81882322e-01 1.28475418e+01 -8.95089097e-03 9.98842418e-01 -4.72617261e-02 -1.01688099e+00 -6.82927251e-01 2.84180008e-02 7.29933441e-01 9.18275738e+00
3.09000000e+02 7.25842059e-01 4.30534519e-02 6.86512709e-01 1.29650440e+01 -1.54354321e-02 9.98807430e-01 -4.63187695e-02 -1.02722144e+00 -6.87688172e-01 2.30234917e-02 7.25641012e-01 9.30974674e+00
3.11000000e+02 7.21211553e-01 4.08327244e-02 6.91510379e-01 1.30840998e+01 -1.71809848e-02 9.99008477e-01 -4.10711318e-02 -1.03708148e+00 -6.92501783e-01 1.77401472e-02 7.21198022e-01 9.43449974e+00
3.14000000e+02 7.12002814e-01 5.19606955e-02 7.00251460e-01 1.32611961e+01 -2.01481879e-02 9.98359501e-01 -5.35948724e-02 -1.05212963e+00 -7.01887488e-01 2.40509007e-02 7.11881638e-01 9.61751366e+00
3.16000000e+02 7.04671443e-01 5.70724867e-02 7.07234681e-01 1.33794346e+01 -2.42039133e-02 9.98113155e-01 -5.64296357e-02 -1.06272805e+00 -7.09120810e-01 2.26465072e-02 7.04723239e-01 9.73825169e+00
3.18000000e+02 6.97533011e-01 5.33286855e-02 7.14565456e-01 1.34994850e+01 -2.89626960e-02 9.98510063e-01 -4.62474003e-02 -1.07380390e+00 -7.15967119e-01 1.15633458e-02 6.98038280e-01 9.85688305e+00
3.20000000e+02 6.90749705e-01 5.18263765e-02 7.21234262e-01 1.36184845e+01 -2.67234296e-02 9.98576462e-01 -4.61616963e-02 -1.08367991e+00 -7.22599983e-01 1.26123251e-02 6.91151381e-01 9.97254944e+00
3.22000000e+02 6.84453726e-01 5.02746925e-02 7.27320850e-01 1.37401743e+01 -1.95120107e-02 9.98525381e-01 -5.06591946e-02 -1.09436560e+00 -7.28795171e-01 2.04823818e-02 6.84425354e-01 1.00862370e+01
3.24000000e+02 6.76825643e-01 5.13434932e-02 7.34350681e-01 1.38625813e+01 -1.70341842e-02 9.98389959e-01 -5.41044772e-02 -1.10504460e+00 -7.35946238e-01 2.41102315e-02 6.76610529e-01 1.01987600e+01
3.26000000e+02 6.67793453e-01 5.24899922e-02 7.42493570e-01 1.39858437e+01 -1.84546877e-02 9.98371422e-01 -5.39810583e-02 -1.11600769e+00 -7.44117796e-01 2.23457105e-02 6.67674601e-01 1.03104687e+01
3.28000000e+02 6.55703187e-01 6.26289472e-02 7.52416730e-01 1.41111584e+01 -2.55849380e-02 9.97824490e-01 -6.07596412e-02 -1.12750101e+00 -7.54585147e-01 2.05897540e-02 6.55879021e-01 1.04223680e+01
3.30000000e+02 6.43410444e-01 7.12594911e-02 7.62197495e-01 1.42388639e+01 -2.85929888e-02 9.97200310e-01 -6.90935925e-02 -1.13847041e+00 -7.64987171e-01 2.26620343e-02 6.43646657e-01 1.05303783e+01
3.32000000e+02 6.29405260e-01 6.14243969e-02 7.74645746e-01 1.43680944e+01 -3.51791456e-02 9.98101294e-01 -5.05596623e-02 -1.15019572e+00 -7.76280522e-01 4.57113981e-03 6.30371034e-01 1.06382961e+01
3.34000000e+02 6.15042746e-01 5.75220026e-02 7.86392808e-01 1.45016184e+01 -3.91013548e-02 9.98333454e-01 -4.24433351e-02 -1.16010952e+00 -7.87523627e-01 -4.64455876e-03 6.16266906e-01 1.07447300e+01
3.36000000e+02 6.00421190e-01 5.87416254e-02 7.97523558e-01 1.46373606e+01 -3.16230692e-02 9.98262465e-01 -4.97194082e-02 -1.16965163e+00 -7.99058437e-01 4.63244319e-03 6.01235509e-01 1.08484993e+01
3.38000000e+02 5.86239457e-01 6.84212446e-02 8.07243347e-01 1.47755251e+01 -2.67806221e-02 9.97519314e-01 -6.51001334e-02 -1.18067229e+00 -8.09695065e-01 1.65457912e-02 5.86617529e-01 1.09488716e+01
3.40000000e+02 5.71781933e-01 5.81724793e-02 8.18340600e-01 1.49150963e+01 -1.97440293e-02 9.98169780e-01 -5.71604669e-02 -1.19327855e+00 -8.20168018e-01 1.65259801e-02 5.71883976e-01 1.10472460e+01
3.42000000e+02 5.58020830e-01 5.90266734e-02 8.27724934e-01 1.50552845e+01 -2.04722825e-02 9.98142600e-01 -5.73778488e-02 -1.20467520e+00 -8.29574347e-01 1.50726177e-02 5.58192790e-01 1.11420965e+01
3.44000000e+02 5.46555459e-01 5.05011976e-02 8.35898757e-01 1.51937656e+01 -1.08410548e-02 9.98522997e-01 -5.32377549e-02 -1.21742952e+00 -8.37352693e-01 2.00353619e-02 5.46295702e-01 1.12329845e+01
3.47000000e+02 5.31995177e-01 4.89014089e-02 8.45334113e-01 1.53978739e+01 -1.26230232e-02 9.98678029e-01 -4.98280823e-02 -1.23433614e+00 -8.46653283e-01 1.58376265e-02 5.31909168e-01 1.13651409e+01
3.49000000e+02 5.25096595e-01 5.76151796e-02 8.49090159e-01 1.55310745e+01 -1.23951472e-02 9.98117685e-01 -6.00620322e-02 -1.24538207e+00 -8.50952387e-01 2.10137721e-02 5.24822354e-01 1.14482412e+01
3.51000000e+02 5.19091249e-01 5.53142950e-02 8.52927089e-01 1.56630669e+01 -1.36203188e-02 9.98312294e-01 -5.64535409e-02 -1.25581467e+00 -8.54610264e-01 1.76874027e-02 5.18968642e-01 1.15295658e+01
3.53000000e+02 5.14897227e-01 4.16884311e-02 8.56237650e-01 1.57935696e+01 -4.76210192e-03 9.98940527e-01 -4.57726568e-02 -1.26557291e+00 -8.57238710e-01 1.94907226e-02 5.14550209e-01 1.16058083e+01
3.55000000e+02 5.09789646e-01 4.26709689e-02 8.59240174e-01 1.59204073e+01 2.20736931e-03 9.98700976e-01 -5.09064086e-02 -1.27487504e+00 -8.60296249e-01 2.78482214e-02 5.09033203e-01 1.16812735e+01
3.57000000e+02 5.05982816e-01 5.80664910e-02 8.60586822e-01 1.60436802e+01 -2.26114667e-03 9.97817278e-01 -6.59964159e-02 -1.28610778e+00 -8.62540603e-01 3.14471424e-02 5.05009711e-01 1.17537603e+01
3.59000000e+02 5.01270533e-01 5.32453880e-02 8.63650858e-01 1.61670914e+01 1.81506132e-03 9.98038054e-01 -6.25840425e-02 -1.29565692e+00 -8.65288734e-01 3.29391137e-02 5.00190437e-01 1.18252239e+01
3.61000000e+02 4.94430512e-01 4.19336967e-02 8.68205070e-01 1.62877464e+01 -1.37093589e-02 9.99087572e-01 -4.04479466e-02 -1.30603290e+00 -8.69109035e-01 8.09616409e-03 4.94554281e-01 1.18967743e+01
3.63000000e+02 4.90037352e-01 4.64933403e-02 8.70460689e-01 1.64054089e+01 -1.21505912e-02 9.98843908e-01 -4.65102531e-02 -1.31462491e+00 -8.71616721e-01 1.22151496e-02 4.90035743e-01 1.19635563e+01
3.65000000e+02 4.84968752e-01 4.74658348e-02 8.73242378e-01 1.65222664e+01 -1.10623147e-02 9.98779058e-01 -4.81458604e-02 -1.32251346e+00 -8.74461532e-01 1.36891557e-02 4.84901726e-01 1.20285397e+01
3.67000000e+02 4.80282813e-01 4.58484367e-02 8.75914574e-01 1.66360035e+01 -1.15995668e-02 9.98877585e-01 -4.59244549e-02 -1.33124924e+00 -8.77036989e-01 1.18964976e-02 4.80275542e-01 1.20908976e+01
3.69000000e+02 4.73632216e-01 4.79174964e-02 8.79418254e-01 1.67485466e+01 -8.91939551e-03 9.98728633e-01 -4.96146865e-02 -1.33923125e+00 -8.80677581e-01 1.56552345e-02 4.73457426e-01 1.21515703e+01
3.71000000e+02 4.64675993e-01 5.16629331e-02 8.83972347e-01 1.68586292e+01 -8.97238683e-03 9.98519957e-01 -5.36410622e-02 -1.34784913e+00 -8.85435343e-01 1.69943720e-02 4.64451790e-01 1.22094660e+01
3.74000000e+02 4.47686821e-01 5.97224757e-02 8.92193794e-01 1.70213661e+01 -5.98529819e-03 9.97944891e-01 -6.37980253e-02 -1.36035478e+00 -8.94170403e-01 2.32214890e-02 4.47124243e-01 1.22914762e+01
3.76000000e+02 4.33995783e-01 6.39457256e-02 8.98642659e-01 1.71314163e+01 -1.19371992e-02 9.97798443e-01 -6.52364418e-02 -1.36945891e+00 -9.00835812e-01 1.75850652e-02 4.33803648e-01 1.23465567e+01
3.78000000e+02 4.21250015e-01 6.62315637e-02 9.04522955e-01 1.72440186e+01 -1.56848524e-02 9.97712791e-01 -6.57504946e-02 -1.37914002e+00 -9.06808913e-01 1.35100884e-02 4.21325356e-01 1.23993025e+01
3.80000000e+02 4.06489968e-01 7.34261796e-02 9.10700023e-01 1.73589783e+01 -1.90621894e-02 9.97230053e-01 -7.18943775e-02 -1.38965607e+00 -9.13456380e-01 1.18644061e-02 4.06763703e-01 1.24516191e+01
3.82000000e+02 3.91717494e-01 7.99967200e-02 9.16601300e-01 1.74780121e+01 -2.23481953e-02 9.96746480e-01 -7.74407238e-02 -1.39972770e+00 -9.19814110e-01 9.85050201e-03 3.92230809e-01 1.25031452e+01
3.84000000e+02 3.76443893e-01 8.46349820e-02 9.22565401e-01 1.75999241e+01 -2.43757460e-02 9.96378481e-01 -8.14602152e-02 -1.41151249e+00 -9.26118672e-01 8.17697868e-03 3.77143621e-01 1.25541334e+01
3.86000000e+02 3.62239629e-01 8.43148828e-02 9.28263664e-01 1.77277298e+01 -1.85915474e-02 9.96355712e-01 -8.32446814e-02 -1.42318296e+00 -9.31899548e-01 1.28966654e-02 3.62487048e-01 1.26033363e+01
3.88000000e+02 3.46995741e-01 7.90444091e-02 9.34529781e-01 1.78584957e+01 -1.85807925e-02 9.96825874e-01 -7.74143860e-02 -1.43564034e+00 -9.37682629e-01 9.49815754e-03 3.47363025e-01 1.26529636e+01
3.90000000e+02 3.34843934e-01 7.14957863e-02 9.39557314e-01 1.79957161e+01 -1.38964271e-02 9.97383535e-01 -7.09436089e-02 -1.44734061e+00 -9.42171097e-01 1.06985476e-02 3.34961355e-01 1.27012072e+01
3.92000000e+02 3.23784232e-01 5.96683882e-02 9.44247544e-01 1.81371803e+01 -1.23761157e-02 9.98191118e-01 -5.88333644e-02 -1.45875084e+00 -9.46049988e-01 7.36320019e-03 3.23936999e-01 1.27496490e+01
3.94000000e+02 3.14270526e-01 6.68898746e-02 9.46974039e-01 1.82807903e+01 -3.93970031e-03 9.97597933e-01 -6.91582561e-02 -1.47030699e+00 -9.49325323e-01 1.80036072e-02 3.13779145e-01 1.27962313e+01
3.96000000e+02 3.05522412e-01 8.53555277e-02 9.48351443e-01 1.84268360e+01 5.89593407e-03 9.95785415e-01 -9.15242210e-02 -1.48188579e+00 -9.52166617e-01 3.35541181e-02 3.03731501e-01 1.28427181e+01
3.98000000e+02 2.97128707e-01 7.33972341e-02 9.52012300e-01 1.85804863e+01 1.86403170e-02 9.96405303e-01 -8.26375559e-02 -1.49611354e+00 -9.54655468e-01 4.22998033e-02 2.94692487e-01 1.28880768e+01
4.01000000e+02 2.83001363e-01 8.31758454e-02 9.55506146e-01 1.88162842e+01 1.34077417e-02 9.95792210e-01 -9.06538069e-02 -1.51859522e+00 -9.59025800e-01 3.84663306e-02 2.80695379e-01 1.29581900e+01
4.03000000e+02 2.72306681e-01 8.20093974e-02 9.58709300e-01 1.89757557e+01 6.90182671e-03 9.96169209e-01 -8.71741250e-02 -1.53404212e+00 -9.62185740e-01 3.03549413e-02 2.70697504e-01 1.30050821e+01
4.06000000e+02 2.55981773e-01 8.39041471e-02 9.63033438e-01 1.92177525e+01 2.35049636e-03 9.96169150e-01 -8.74158740e-02 -1.55747664e+00 -9.66678739e-01 2.46404763e-02 2.54803926e-01 1.30717888e+01
4.09000000e+02 2.43333220e-01 8.23009163e-02 9.66444790e-01 1.94629536e+01 1.15435263e-02 9.96077359e-01 -8.77308324e-02 -1.58160377e+00 -9.69874084e-01 3.25040072e-02 2.41428658e-01 1.31324997e+01
4.12000000e+02 2.33925432e-01 7.95117617e-02 9.68997836e-01 1.97112408e+01 1.21889366e-02 9.96332169e-01 -8.46972242e-02 -1.60651684e+00 -9.72178161e-01 3.16238888e-02 2.32098281e-01 1.31932583e+01
4.15000000e+02 2.26433650e-01 8.04894418e-02 9.70695257e-01 1.99622974e+01 5.98631101e-03 9.96446013e-01 -8.40211064e-02 -1.63095248e+00 -9.74008203e-01 2.48360895e-02 2.25147069e-01 1.32526550e+01
4.18000000e+02 2.21422181e-01 8.13924745e-02 9.71775413e-01 2.02134285e+01 5.17908437e-03 9.96398568e-01 -8.46348926e-02 -1.65492749e+00 -9.75164294e-01 2.37729494e-02 2.20203206e-01 1.33094873e+01
4.21000000e+02 2.17229247e-01 7.58183375e-02 9.73171651e-01 2.04632568e+01 6.68306649e-03 9.96840000e-01 -7.91540816e-02 -1.67928243e+00 -9.76097763e-01 2.36983523e-02 2.16036096e-01 1.33645935e+01
4.23000000e+02 2.13712901e-01 8.50541070e-02 9.73186851e-01 2.06296272e+01 7.79421581e-03 9.96022403e-01 -8.87614936e-02 -1.69518614e+00 -9.76865411e-01 2.65547037e-02 2.12199897e-01 1.34010363e+01
4.26000000e+02 2.05005452e-01 7.67336488e-02 9.75748301e-01 2.08800831e+01 5.11935633e-03 9.96824384e-01 -7.94666708e-02 -1.72120333e+00 -9.78747427e-01 2.12863032e-02 2.03961611e-01 1.34543562e+01
4.28000000e+02 1.97894335e-01 7.29487911e-02 9.77505147e-01 2.10474510e+01 4.83092945e-03 9.97142255e-01 -7.53922686e-02 -1.73713624e+00 -9.80211437e-01 1.96419619e-02 1.96976393e-01 1.34878378e+01
4.30000000e+02 1.89598590e-01 7.47038871e-02 9.79015708e-01 2.12143860e+01 5.86115010e-03 9.96997535e-01 -7.72110745e-02 -1.75222206e+00 -9.81844187e-01 2.03772690e-02 1.88591480e-01 1.35205011e+01
4.32000000e+02 1.81031078e-01 7.32469410e-02 9.80745971e-01 2.13797150e+01 6.12425292e-03 9.97119427e-01 -7.56002367e-02 -1.76721942e+00 -9.83458281e-01 1.96923297e-02 1.80061027e-01 1.35508633e+01
4.34000000e+02 1.72924608e-01 7.36401677e-02 9.82178271e-01 2.15451946e+01 3.60465725e-03 9.97147083e-01 -7.53971189e-02 -1.78171945e+00 -9.84928489e-01 1.65784340e-02 1.72165826e-01 1.35811214e+01
4.36000000e+02 1.64969757e-01 7.36900344e-02 9.83541965e-01 2.17117882e+01 -1.05829653e-03 9.97217655e-01 -7.45371580e-02 -1.79670537e+00 -9.86298084e-01 1.12554980e-02 1.64588749e-01 1.36092291e+01
4.38000000e+02 1.57637447e-01 7.88968801e-02 9.84340250e-01 2.18756409e+01 -1.01344055e-02 9.96879995e-01 -7.82789886e-02 -1.81209671e+00 -9.87445056e-01 2.36399705e-03 1.57945186e-01 1.36368837e+01
4.40000000e+02 1.50352955e-01 8.62784684e-02 9.84860420e-01 2.20384769e+01 -1.40262423e-02 9.96270537e-01 -8.51367489e-02 -1.82672346e+00 -9.88532901e-01 -1.01332925e-03 1.51002392e-01 1.36636992e+01
4.42000000e+02 1.44146979e-01 8.01033825e-02 9.86308813e-01 2.22031193e+01 -1.45679219e-02 9.96782005e-01 -7.88248926e-02 -1.84277844e+00 -9.89449024e-01 -3.00609972e-03 1.44850060e-01 1.36879263e+01
