0.00000000e+00 1.00000000e+00 0.00000000e+00 0.00000000e+00 0.00000000e+00 0.00000000e+00 1.00000000e+00 0.00000000e+00 0.00000000e+00 0.00000000e+00 0.00000000e+00 1.00000000e+00 0.00000000e+00
1.00000000e+00 9.99991715e-01 -2.48281634e-03 -3.22075747e-03 -1.75889581e-04 2.47614784e-03 9.99994814e-01 -2.07280344e-03 -3.51971597e-04 3.22588719e-03 2.06481107e-03 9.99992669e-01 4.04448919e-02
2.00000000e+00 9.99972820e-01 -1.33938482e-03 -7.24950526e-03 -7.55161280e-04 1.31495204e-03 9.99993443e-01 -3.37398844e-03 -8.29047873e-04 7.25397700e-03 3.36436415e-03 9.99968052e-01 8.20740163e-02
3.00000000e+00 9.99936104e-01 -1.33229478e-03 -1.12258233e-02 -1.55778544e-03 1.27651612e-03 9.99986827e-01 -4.97447932e-03 -9.02658561e-04 1.12323025e-02 4.95983195e-03 9.99924600e-01 1.24523133e-01
4.00000000e+00 9.99871194e-01 1.76345988e-04 -1.60477627e-02 -2.70346459e-03 -2.69262615e-04 9.99983191e-01 -5.78802871e-03 -1.05817663e-03 1.60464719e-02 5.79160452e-03 9.99854445e-01 1.68017864e-01
5.00000000e+00 9.99796033e-01 -6.38480415e-04 -2.01857407e-02 -4.04527737e-03 5.20591566e-04 9.99982774e-01 -5.84491994e-03 -1.56684755e-03 2.01891251e-02 5.83321927e-03 9.99779165e-01 2.12291405e-01
6.00000000e+00 9.99693811e-01 9.92580084e-04 -2.47252341e-02 -5.44049731e-03 -1.16284424e-03 9.99975681e-01 -6.87282672e-03 -2.37323018e-03 2.47178115e-02 6.89947372e-03 9.99670684e-01 2.57089078e-01
7.00000000e+00 9.99558449e-01 3.83057003e-03 -2.94652116e-02 -7.39520369e-03 -4.06441465e-03 9.99960661e-01 -7.88049493e-03 -2.49377312e-03 2.94338670e-02 7.99677428e-03 9.99534726e-01 3.03189576e-01
8.00000000e+00 9.99419570e-01 4.21252381e-03 -3.38058285e-02 -9.35644098e-03 -4.43601655e-03 9.99968767e-01 -6.53879670e-03 -2.65340623e-03 3.37772295e-02 6.68496452e-03 9.99407053e-01 3.50222915e-01
9.00000000e+00 9.99256432e-01 3.29077081e-03 -3.84153835e-02 -1.10575836e-02 -3.43192695e-03 9.99987602e-01 -3.60910431e-03 -3.30469478e-03 3.84030305e-02 3.73825943e-03 9.99255359e-01 3.98133904e-01
1.00000000e+01 9.99123633e-01 3.11746309e-03 -4.17400748e-02 -1.35411499e-02 -3.14749032e-03 9.99994814e-01 -6.53686351e-04 -4.11981530e-03 4.17378210e-02 7.84489966e-04 9.99128282e-01 4.46336865e-01
1.20000000e+01 9.98925269e-01 3.86786996e-03 -4.61886525e-02 -1.90395452e-02 -3.94471176e-03 9.99991000e-01 -1.57261721e-03 -5.09499060e-03 4.61821519e-02 1.75312790e-03 9.98931468e-01 5.43822944e-01
1.40000000e+01 9.98713613e-01 5.03083284e-04 -5.07031493e-02 -2.32957304e-02 -5.63428330e-04 9.99999166e-01 -1.17587775e-03 -5.99786593e-03 5.07025160e-02 1.20293279e-03 9.98713076e-01 6.44021690e-01
1.60000000e+01 9.98556376e-01 1.32463069e-03 -5.36971129e-02 -2.94798091e-02 -1.52597495e-03 9.99991953e-01 -3.70880216e-03 -7.11441319e-03 5.36917672e-02 3.78538854e-03 9.98550355e-01 7.45931566e-01
1.80000000e+01 9.98376131e-01 5.51538914e-03 -5.66986203e-02 -3.61482427e-02 -5.97204315e-03 9.99951065e-01 -7.88777880e-03 -8.54610279e-03 5.66523410e-02 8.21357593e-03 9.98360157e-01 8.49213779e-01
2.00000000e+01 9.98218358e-01 5.28633129e-03 -5.94320819e-02 -4.24716882e-02 -5.65186935e-03 9.99966145e-01 -5.98409586e-03 -1.01179043e-02 5.93984351e-02 6.30933698e-03 9.98214424e-01 9.55098271e-01
2.20000000e+01 9.98082340e-01 5.67419175e-03 -6.16392717e-02 -4.94565964e-02 -5.95239364e-03 9.99972880e-01 -4.33070306e-03 -1.16985310e-02 6.16130270e-02 4.68929950e-03 9.98089075e-01 1.06182337e+00
2.40000000e+01 9.97904956e-01 3.90872872e-03 -6.45786449e-02 -5.61857298e-02 -4.30381950e-03 9.99972880e-01 -5.97999943e-03 -1.30465757e-02 6.45535141e-02 6.24540588e-03 9.97894704e-01 1.16986132e+00
2.60000000e+01 9.97852683e-01 4.99408925e-03 -6.53074533e-02 -6.33682162e-02 -5.07222628e-03 9.99986589e-01 -1.03069784e-03 -1.44523699e-02 6.53014332e-02 1.35973888e-03 9.97864664e-01 1.27958429e+00
2.80000000e+01 9.98025417e-01 4.77983616e-03 -6.26296028e-02 -7.09064901e-02 -4.44834959e-03 9.99975383e-01 5.43117337e-03 -1.52403722e-02 6.26540259e-02 -5.14185056e-03 9.98022079e-01 1.38954425e+00
3.00000000e+01 9.98211801e-01 5.00738574e-03 -5.95661290e-02 -7.79153630e-02 -4.78912797e-03 9.99981284e-01 3.80632095e-03 -1.61382426e-02 5.95840737e-02 -3.51424469e-03 9.98217106e-01 1.50089443e+00
3.20000000e+01 9.98335898e-01 5.79338847e-03 -5.73746487e-02 -8.48993957e-02 -6.03189459e-03 9.99973893e-01 -3.98468459e-03 -1.71072222e-02 5.73500618e-02 4.32413165e-03 9.98344779e-01 1.61300361e+00
3.40000000e+01 9.98361349e-01 1.98152079e-03 -5.71903922e-02 -9.10029411e-02 -1.88492914e-03 9.99996722e-01 1.74284237e-03 -1.82148758e-02 5.71936592e-02 -1.63218658e-03 9.98361766e-01 1.72683668e+00
3.60000000e+01 9.98224795e-01 -9.03139822e-03 -5.88704273e-02 -9.69527960e-02 9.31112841e-03 9.99946594e-01 4.47903387e-03 -1.93037018e-02 5.88268340e-02 -5.01923310e-03 9.98255610e-01 1.84114373e+00
3.80000000e+01 9.98036623e-01 -1.08875483e-02 -6.16796650e-02 -1.04137242e-01 1.07125491e-02 9.99937594e-01 -3.16721480e-03 -2.04088576e-02 6.17102981e-02 2.50025000e-03 9.98090982e-01 1.95626080e+00
4.00000000e+01 9.97860610e-01 -9.51843150e-03 -6.46806583e-02 -1.11862987e-01 9.37147904e-03 9.99952793e-01 -2.57498538e-03 -2.17641722e-02 6.47021160e-02 1.96332298e-03 9.97902691e-01 2.07298589e+00
4.20000000e+01 9.97732222e-01 -6.75414782e-03 -6.69689626e-02 -1.20504417e-01 6.86672842e-03 9.99975383e-01 1.45103829e-03 -2.28881557e-02 6.69575185e-02 -1.90760533e-03 9.97753978e-01 2.19058752e+00
4.40000000e+01 9.97672975e-01 -5.37711522e-03 -6.79685175e-02 -1.28582865e-01 5.86327957e-03 9.99958634e-01 6.95532328e-03 -2.39104535e-02 6.79283068e-02 -7.33765634e-03 9.97663200e-01 2.30811620e+00
4.60000000e+01 9.97655630e-01 8.73698446e-04 -6.84282631e-02 -1.37527898e-01 -2.67722004e-04 9.99960661e-01 8.86431430e-03 -2.47355141e-02 6.84333220e-02 -8.82521365e-03 9.97616649e-01 2.42487097e+00
4.80000000e+01 9.97669041e-01 3.05333687e-03 -6.81703538e-02 -1.46416605e-01 -2.73282477e-03 9.99984801e-01 4.79439879e-03 -2.51114909e-02 6.81839585e-02 -4.59692581e-03 9.97662187e-01 2.54158473e+00
5.00000000e+01 9.97533798e-01 1.00145082e-03 -7.01806620e-02 -1.54787421e-01 -6.00045256e-04 9.99983370e-01 5.74045116e-03 -2.59265564e-02 7.01852441e-02 -5.68418251e-03 9.97517765e-01 2.65788126e+00
5.20000000e+01 9.97423053e-01 3.66745936e-03 -7.16503039e-02 -1.63048103e-01 -3.38540319e-03 9.99986053e-01 4.05760808e-03 -2.76619233e-02 7.16641843e-02 -3.80458659e-03 9.97421563e-01 2.77260447e+00
5.40000000e+01 9.97312009e-01 5.39943716e-03 -7.30722845e-02 -1.71694055e-01 -5.55239618e-03 9.99982774e-01 -1.89028494e-03 -2.82264315e-02 7.30608180e-02 2.29093013e-03 9.97324884e-01 2.88642001e+00
5.60000000e+01 9.97309148e-01 2.58906302e-03 -7.32651725e-02 -1.80227995e-01 -2.23145448e-03 9.99985218e-01 4.96244803e-03 -2.98543684e-02 7.32769370e-02 -4.78560664e-03 9.97300148e-01 3.00005484e+00
5.80000000e+01 9.97283757e-01 -2.21579825e-03 -7.36222938e-02 -1.88569173e-01 2.53857486e-03 9.99987543e-01 4.29093745e-03 -3.09894718e-02 7.36118704e-02 -4.46617790e-03 9.97276962e-01 3.11213303e+00
6.00000000e+01 9.97172475e-01 -6.74483040e-03 -7.48437271e-02 -1.96726844e-01 7.10558519e-03 9.99964356e-01 4.55487473e-03 -3.23262587e-02 7.48103410e-02 -5.07380441e-03 9.97184873e-01 3.22305655e+00
6.20000000e+01 9.97001529e-01 -1.04823951e-02 -7.66683668e-02 -2.04878494e-01 1.15230996e-02 9.99847233e-01 1.31443348e-02 -3.24983671e-02 7.65188709e-02 -1.39883794e-02 9.96969998e-01 3.33478618e+00
6.40000000e+01 9.96877730e-01 -7.36686448e-03 -7.86162689e-02 -2.14062557e-01 8.29132833e-03 9.99900222e-01 1.14392582e-02 -3.30890156e-02 7.85241574e-02 -1.20553747e-02 9.96839345e-01 3.44505382e+00
6.60000000e+01 9.96722281e-01 -4.40140860e-03 -8.07793811e-02 -2.23244846e-01 4.34342306e-03 9.99990165e-01 -8.93528864e-04 -3.40179130e-02 8.07825178e-02 5.39741130e-04 9.96731579e-01 3.55206633e+00
6.80000000e+01 9.96553123e-01 3.26314801e-03 -8.28927681e-02 -2.32622564e-01 -3.09910183e-03 9.99992967e-01 2.10760790e-03 -3.53124514e-02 8.28990638e-02 -1.84345024e-03 9.96556222e-01 3.65743136e+00
7.00000000e+01 9.96354401e-01 6.58713793e-03 -8.50560591e-02 -2.42037535e-01 -6.31465390e-03 9.99974012e-01 3.47222458e-03 -3.68576609e-02 8.50767195e-02 -2.92246649e-03 9.96370137e-01 3.75965667e+00
7.20000000e+01 9.96087074e-01 9.45872720e-03 -8.78698230e-02 -2.51292497e-01 -9.06119123e-03 9.99946833e-01 4.92193457e-03 -3.80989239e-02 8.79117101e-02 -4.10646992e-03 9.96119797e-01 3.85887885e+00
7.40000000e+01 9.95863795e-01 8.90366361e-03 -9.04214829e-02 -2.60523021e-01 -8.33958853e-03 9.99943376e-01 6.61418727e-03 -3.92146111e-02 9.04752538e-02 -5.83275175e-03 9.95881617e-01 3.95482206e+00
7.60000000e+01 9.95575964e-01 1.32179493e-02 -9.30256695e-02 -2.69796968e-01 -1.20169651e-02 9.99837220e-01 1.34586086e-02 -3.99184711e-02 9.31884199e-02 -1.22811804e-02 9.95572746e-01 4.04812717e+00
7.80000000e+01 9.95224655e-01 1.94105338e-02 -9.56614986e-02 -2.79619932e-01 -1.84238665e-02 9.99767661e-01 1.11867199e-02 -4.07444872e-02 9.58564132e-02 -9.37084481e-03 9.95351076e-01 4.13723421e+00
8.00000000e+01 9.94963050e-01 1.83626227e-02 -9.85463858e-02 -2.88362771e-01 -1.86747648e-02 9.99823093e-01 -2.24592630e-03 -4.12206315e-02 9.84877050e-02 4.07494418e-03 9.95129943e-01 4.22163725e+00
8.30000000e+01 9.94653523e-01 2.23569237e-02 -1.00819215e-01 -3.01361233e-01 -2.22207792e-02 9.99750018e-01 2.47332337e-03 -4.32930179e-02 1.00849308e-01 -2.19818190e-04 9.94901717e-01 4.34037113e+00
8.50000000e+01 9.94738698e-01 1.09493984e-02 -1.01857997e-01 -3.08089137e-01 -1.16316481e-02 9.99913692e-01 -6.10650657e-03 -4.45741229e-02 1.01782344e-01 7.25915469e-03 9.94780183e-01 4.41301346e+00
8.70000000e+01 9.95161235e-01 9.15756915e-03 -9.78273749e-02 -3.14709485e-01 -1.03339972e-02 9.99880195e-01 -1.15256263e-02 -4.54839319e-02 9.77101028e-02 1.24808047e-02 9.95136678e-01 4.48198986e+00
9.00000000e+01 9.96499538e-01 9.10125393e-03 -8.31012279e-02 -3.23498428e-01 -9.25507583e-03 9.99956071e-01 -1.46598322e-03 -4.74468283e-02 8.30842406e-02 2.22995994e-03 9.96540010e-01 4.57946968e+00
9.30000000e+01 9.98684764e-01 1.34392809e-02 -4.94783595e-02 -3.28074694e-01 -1.33744627e-02 9.99909222e-01 1.64087350e-03 -4.95600477e-02 4.94959205e-02 -9.76968906e-04 9.98773873e-01 4.67015886e+00
9.60000000e+01 9.99757051e-01 1.37304217e-02 1.72412079e-02 -3.26614082e-01 -1.37854433e-02 9.99900222e-01 3.07649560e-03 -5.03619127e-02 -1.71972457e-02 -3.31342593e-03 9.99846637e-01 4.75386477e+00
9.90000000e+01 9.93077517e-01 1.22917024e-02 1.16815798e-01 -3.16020966e-01 -1.30913453e-02 9.99895811e-01 6.08050404e-03 -5.14243618e-02 -1.16728887e-01 -7.56768789e-03 9.93134975e-01 4.83130693e+00
1.01000000e+02 9.79033947e-01 1.16817728e-02 2.03361973e-01 -3.04042757e-01 -1.31813977e-02 9.99894977e-01 6.02123188e-03 -5.23769222e-02 -2.03270271e-01 -8.57558567e-03 9.79085088e-01 4.87963200e+00
1.04000000e+02 9.32536244e-01 1.56729314e-02 3.60736132e-01 -2.77262449e-01 -1.62061937e-02 9.99867499e-01 -1.54681597e-03 -5.35907969e-02 -3.60712558e-01 -4.40369779e-03 9.32666659e-01 4.94551611e+00
1.07000000e+02 8.46115291e-01 1.47283031e-02 5.32796443e-01 -2.38857031e-01 -1.25036668e-02 9.99891520e-01 -7.78376497e-03 -5.50216101e-02 -5.32853246e-01 -7.59466202e-05 8.46207678e-01 5.00257111e+00
1.09000000e+02 7.69631684e-01 1.30610429e-02 6.38354540e-01 -2.07537413e-01 -1.02469353e-02 9.99914646e-01 -8.10452737e-03 -5.63201010e-02 -6.38405919e-01 -3.03676730e-04 7.69699812e-01 5.03500128e+00
1.11000000e+02 6.82223797e-01 1.19839832e-02 7.31045246e-01 -1.72704697e-01 -1.02686286e-02 9.99924123e-01 -6.80884114e-03 -5.68756089e-02 -7.31071353e-01 -2.86167860e-03 6.82295024e-01 5.06275177e+00
1.13000000e+02 5.88714540e-01 7.80910533e-03 8.08303297e-01 -1.34383678e-01 -1.23738905e-03 9.99960840e-01 -8.75949766e-03 -5.82380295e-02 -8.08340073e-01 4.15665796e-03 5.88701129e-01 5.08597136e+00
1.15000000e+02 4.94745642e-01 1.31335063e-02 8.68938565e-01 -9.47024822e-02 -7.03434227e-03 9.99913573e-01 -1.11079896e-02 -5.94500341e-02 -8.69009376e-01 -6.16782112e-04 4.94795263e-01 5.10546303e+00
1.17000000e+02 4.06612396e-01 1.28505463e-02 9.13510382e-01 -5.34155369e-02 -5.37822198e-04 9.99904275e-01 -1.38264773e-02 -6.04632720e-02 -9.13600624e-01 5.13071055e-03 4.06580359e-01 5.12045717e+00
1.19000000e+02 3.31966996e-01 1.32982316e-03 9.43290055e-01 -9.55581665e-03 1.90277528e-02 9.99786079e-01 -8.10580421e-03 -6.12310506e-02 -9.43099082e-01 2.06395481e-02 3.31870705e-01 5.13125610e+00
1.21000000e+02 2.67661870e-01 1.30804125e-02 9.63424146e-01 3.50272655e-02 5.73725905e-03 9.99868453e-01 -1.51691632e-02 -6.27232715e-02 -9.63495851e-01 9.58762038e-03 2.67551601e-01 5.14326048e+00
1.23000000e+02 2.13655308e-01 1.90157741e-02 9.76724029e-01 8.20884705e-02 2.50405981e-03 9.99796569e-01 -2.00127270e-02 -6.47146329e-02 -9.76905882e-01 6.72160089e-03 2.13564232e-01 5.15253448e+00
1.25000000e+02 1.70367807e-01 2.64818259e-02 9.85024631e-01 1.32270396e-01 1.65613033e-02 9.99420643e-01 -2.97332630e-02 -6.56446517e-02 -9.85241354e-01 2.13788822e-02 1.69830531e-01 5.15839243e+00
1.27000000e+02 1.32959932e-01 3.41521204e-02 9.90532815e-01 1.85579002e-01 1.69316735e-02 9.99182045e-01 -3.67230810e-02 -6.64009601e-02 -9.90976751e-01 2.16540769e-02 1.32272914e-01 5.16504240e+00
1.29000000e+02 1.03015833e-01 2.65444238e-02 9.94325459e-01 2.42913783e-01 1.47192609e-02 9.99493718e-01 -2.82073654e-02 -6.93005174e-02 -9.94570792e-01 1.75415408e-02 1.02572970e-01 5.17057800e+00
1.31000000e+02 7.82434642e-02 2.30651442e-02 9.96667445e-01 3.03436518e-01 2.10728180e-02 9.99470711e-01 -2.47843415e-02 -7.15030432e-02 -9.96711552e-01 2.29418036e-02 7.77160004e-02 5.17415094e+00
1.33000000e+02 6.00559860e-02 2.44876388e-02 9.97894585e-01 3.68962049e-01 2.60296874e-02 9.99320686e-01 -2.60891709e-02 -7.32614025e-02 -9.97855544e-01 2.75416952e-02 5.93777858e-02 5.17736721e+00
1.35000000e+02 4.91101779e-02 2.58460604e-02 9.98458922e-01 4.39599365e-01 2.92993970e-02 9.99197662e-01 -2.73063015e-02 -7.53890127e-02 -9.98363554e-01 3.05952616e-02 4.83134985e-02 5.18019485e+00
1.37000000e+02 3.86480466e-02 2.66614035e-02 9.98897135e-01 5.14444232e-01 3.22699323e-02 9.99089301e-01 -2.79150791e-02 -7.75878727e-02 -9.98731673e-01 3.33132073e-02 3.77524868e-02 5.18289852e+00
1.39000000e+02 3.29751410e-02 2.58902926e-02 9.99120772e-01 5.94015837e-01 3.47353294e-02 9.99030828e-01 -2.70343721e-02 -8.04233328e-02 -9.98852372e-01 3.55962515e-02 3.20438743e-02 5.18469954e+00
1.41000000e+02 2.98047327e-02 2.47834865e-02 9.99248445e-01 6.77733719e-01 4.13372368e-02 9.98806775e-01 -2.60055047e-02 -8.31564516e-02 -9.98700619e-01 4.20812555e-02 2.87446864e-02 5.18666458e+00
1.43000000e+02 3.33081931e-02 2.44469419e-02 9.99146104e-01 7.65585363e-01 4.62462679e-02 9.98592317e-01 -2.59750877e-02 -8.57966468e-02 -9.98374581e-01 4.70719635e-02 3.21307257e-02 5.18910933e+00
1.45000000e+02 4.16475125e-02 2.38174833e-02 9.98848438e-01 8.57969642e-01 4.95660789e-02 9.98435616e-01 -2.58743241e-02 -8.86827484e-02 -9.97902155e-01 5.05865999e-02 4.04018201e-02 5.19245386e+00
1.48000000e+02 5.37962727e-02 1.85784921e-02 9.98379111e-01 1.00394368e+00 4.77820262e-02 9.98633683e-01 -2.11578980e-02 -9.28183347e-02 -9.97408032e-01 4.88427915e-02 5.28350510e-02 5.20021915e+00
1.50000000e+02 6.18224367e-02 1.82559155e-02 9.97920215e-01 1.10476613e+00 4.41535786e-02 9.98803854e-01 -2.10074522e-02 -9.60330069e-02 -9.97110069e-01 4.53604795e-02 6.09424263e-02 5.20702696e+00
1.53000000e+02 6.56111464e-02 3.07325833e-02 9.97371912e-01 1.25834668e+00 3.28617692e-02 9.98916864e-01 -3.29419672e-02 -1.01601288e-01 -9.97304022e-01 3.49367633e-02 6.45301566e-02 5.21927881e+00
1.55000000e+02 6.60760924e-02 2.85571013e-02 9.97405827e-01 1.36161208e+00 2.79441737e-02 9.99145329e-01 -3.04581504e-02 -1.05752513e-01 -9.97423232e-01 2.98842378e-02 6.52216151e-02 5.22653532e+00
1.57000000e+02 6.61637262e-02 2.64944993e-02 9.97456968e-01 1.46481228e+00 2.59350557e-02 9.99264002e-01 -2.82628331e-02 -1.10450491e-01 -9.97471690e-01 2.77390759e-02 6.54278994e-02 5.23427343e+00
1.59000000e+02 6.63100109e-02 2.71904450e-02 9.97428536e-01 1.56829715e+00 2.15675589e-02 9.99356031e-01 -2.86768228e-02 -1.14961863e-01 -9.97565925e-01 2.34136581e-02 6.56808764e-02 5.24211168e+00
1.61000000e+02 6.19046092e-02 2.81066224e-02 9.97686267e-01 1.67066872e+00 1.54916523e-02 9.99455929e-01 -2.91177072e-02 -1.19382583e-01 -9.97961819e-01 1.72583293e-02 6.14355095e-02 5.24987888e+00
1.64000000e+02 4.74399142e-02 2.26885621e-02 9.98616397e-01 1.82430267e+00 9.42621287e-03 9.99687314e-01 -2.31606923e-02 -1.24987081e-01 -9.98829603e-01 1.05119115e-02 4.72112112e-02 5.25829172e+00
1.66000000e+02 3.15108784e-02 2.38171611e-02 9.99219596e-01 1.92580914e+00 9.27676540e-03 9.99666035e-01 -2.41203494e-02 -1.28957704e-01 -9.99460340e-01 1.00295795e-02 3.12794074e-02 5.26195478e+00
1.68000000e+02 1.12151401e-02 2.32642069e-02 9.99666452e-01 2.02687335e+00 1.10734021e-02 9.99665141e-01 -2.33884081e-02 -1.32523119e-01 -9.99875784e-01 1.13320127e-02 1.09537700e-02 5.26359558e+00
1.70000000e+02 -1.08442707e-02 2.13490110e-02 9.99713242e-01 2.12766051e+00 1.16296653e-02 9.99707103e-01 -2.12227274e-02 -1.36464879e-01 -9.99873579e-01 1.13961855e-02 -1.10893762e-02 5.26304293e+00
1.72000000e+02 -3.27257626e-02 2.25822087e-02 9.99209225e-01 2.22695923e+00 1.15986122e-02 9.99686003e-01 -2.22131088e-02 -1.39685333e-01 -9.99397039e-01 1.08624995e-02 -3.29774097e-02 5.26003218e+00
1.74000000e+02 -5.37853166e-02 2.46891063e-02 9.98247266e-01 2.32490778e+00 1.16293468e-02 9.99641955e-01 -2.40970161e-02 -1.43186942e-01 -9.98484790e-01 1.03128981e-02 -5.40531762e-02 5.25517988e+00
1.76000000e+02 -7.31634349e-02 2.60574799e-02 9.96979475e-01 2.42200255e+00 1.36103313e-02 9.99591589e-01 -2.51269564e-02 -1.46771833e-01 -9.97227073e-01 1.17308469e-02 -7.34882057e-02 5.24908829e+00
1.78000000e+02 -9.08773541e-02 2.59300079e-02 9.95524466e-01 2.51586652e+00 1.61526520e-02 9.99567807e-01 -2.45608147e-02 -1.50596976e-01 -9.95731115e-01 1.38483383e-02 -9.12569165e-02 5.24024487e+00
1.80000000e+02 -1.03484057e-01 2.29295958e-02 9.94366765e-01 2.60842419e+00 2.03634519e-02 9.99573529e-01 -2.09304299e-02 -1.54403627e-01 -9.94422615e-01 1.80827752e-02 -1.03906855e-01 5.23044634e+00
1.82000000e+02 -1.09885775e-01 2.03627665e-02 9.93735611e-01 2.69826794e+00 2.48691589e-02 9.99533474e-01 -1.77315772e-02 -1.57423094e-01 -9.93633032e-01 2.27649212e-02 -1.10340908e-01 5.22007275e+00
1.84000000e+02 -1.12514250e-01 1.99354403e-02 9.93450105e-01 2.78347778e+00 2.55274121e-02 9.99526739e-01 -1.71662439e-02 -1.60299838e-01 -9.93322134e-01 2.34287642e-02 -1.12969898e-01 5.21112871e+00
1.86000000e+02 -1.08606242e-01 2.26554759e-02 9.93826628e-01 2.86456084e+00 2.73175333e-02 9.99430716e-01 -1.97979454e-02 -1.62938669e-01 -9.93709445e-01 2.49987114e-02 -1.09163307e-01 5.20209789e+00
1.88000000e+02 -9.55168977e-02 2.38540024e-02 9.95141983e-01 2.94004512e+00 2.70432103e-02 9.99406040e-01 -2.13605221e-02 -1.65925026e-01 -9.95060384e-01 2.48715430e-02 -9.61052552e-02 5.19511318e+00
1.90000000e+02 -7.08946288e-02 2.40101870e-02 9.97194827e-01 3.01145148e+00 2.47261077e-02 9.99445379e-01 -2.23064963e-02 -1.69077665e-01 -9.97177303e-01 2.30753366e-02 -7.14489818e-02 5.19082308e+00
1.93000000e+02 -7.77552929e-03 3.10480297e-02 9.99487638e-01 3.11053848e+00 2.03955267e-02 9.99314845e-01 -3.08839958e-02 -1.73374683e-01 -9.99761760e-01 2.01449376e-02 -8.40344280e-03 5.19043159e+00
1.96000000e+02 9.25003961e-02 2.94257831e-02 9.95277762e-01 3.20514846e+00 1.49863195e-02 9.99408841e-01 -3.09407376e-02 -1.78149372e-01 -9.95599866e-01 1.77775808e-02 9.20047313e-02 5.19838572e+00
1.99000000e+02 2.28664964e-01 1.89109650e-02 9.73321497e-01 3.29659343e+00 6.42983476e-03 9.99760151e-01 -2.09352281e-02 -1.81368783e-01 -9.73483920e-01 1.10454494e-02 2.28488535e-01 5.21962070e+00
2.02000000e+02 3.92639786e-01 1.77245606e-02 9.19521511e-01 3.38124800e+00 3.08755273e-03 9.99783218e-01 -2.05900706e-02 -1.84765458e-01 -9.19687152e-01 1.09235523e-02 3.92499954e-01 5.25549126e+00
2.04000000e+02 5.11445582e-01 2.48887744e-02 8.58955145e-01 3.43044949e+00 4.51299455e-03 9.99488890e-01 -3.16479914e-02 -1.86624780e-01 -8.59303832e-01 2.00626850e-02 5.11071861e-01 5.28747940e+00
2.06000000e+02 6.24789000e-01 3.26472148e-02 7.80110776e-01 3.47430277e+00 -4.10475209e-03 9.99248981e-01 -3.85305434e-02 -1.88192815e-01 -7.80782819e-01 2.08713003e-02 6.24453783e-01 5.32684708e+00
2.08000000e+02 7.26863265e-01 3.01743653e-02 6.86119020e-01 3.51441360e+00 -5.70995733e-03 9.99265313e-01 -3.78969796e-02 -1.91271767e-01 -6.86758459e-01 2.36282125e-02 7.26501584e-01 5.37168789e+00
2.10000000e+02 8.12409937e-01 2.11336482e-02 5.82703590e-01 3.54569626e+00 -7.86839705e-03 9.99649286e-01 -2.52853632e-02 -1.93325236e-01 -5.83033621e-01 1.59571357e-02 8.12291324e-01 5.42195177e+00
2.13000000e+02 9.05113637e-01 1.50498142e-02 4.24903303e-01 3.58146191e+00 -1.38492342e-02 9.99886632e-01 -5.91423456e-03 -1.95844397e-01 -4.24944133e-01 -5.31530939e-04 9.05219436e-01 5.50438690e+00
2.16000000e+02 9.52300131e-01 2.62033381e-02 3.04035872e-01 3.60659504e+00 -2.74001285e-02 9.99624491e-01 -3.30065697e-04 -1.97178632e-01 -3.03930372e-01 -8.01630039e-03 9.52660501e-01 5.59468842e+00
2.21000000e+02 9.76683438e-01 2.87885014e-02 2.12745517e-01 3.64262199e+00 -2.96297502e-02 9.99560654e-01 7.66330631e-04 -1.98139474e-01 -2.12629989e-01 -7.05205882e-03 9.77107346e-01 5.75725603e+00
2.23000000e+02 9.78086531e-01 4.21426594e-02 2.03888893e-01 3.65523672e+00 -4.21967320e-02 9.99100983e-01 -4.08416474e-03 -1.98799059e-01 -2.03877702e-01 -4.60877828e-03 9.78985488e-01 5.82727194e+00
2.26000000e+02 9.76929724e-01 4.09280397e-02 2.09602475e-01 3.67846918e+00 -3.82898934e-02 9.99128282e-01 -1.66306645e-02 -2.00700581e-01 -2.10100412e-01 8.22133571e-03 9.77645218e-01 5.93799734e+00
2.27000000e+02 9.76046562e-01 4.15511802e-02 2.13557079e-01 3.68712282e+00 -3.78267467e-02 9.99053001e-01 -2.14985553e-02 -2.01134503e-01 -2.14248136e-01 1.29054217e-02 9.76693988e-01 5.97627831e+00
2.28000000e+02 9.74850297e-01 4.62348126e-02 2.18011901e-01 3.69542980e+00 -4.26532961e-02 9.98866916e-01 -2.11082362e-02 -2.02040359e-01 -2.18740806e-01 1.12784449e-02 9.75717843e-01 6.01562643e+00
2.29000000e+02 9.73468781e-01 4.91815396e-02 2.23471940e-01 3.70420980e+00 -4.65301424e-02 9.98770177e-01 -1.71180982e-02 -2.02945933e-01 -2.24039018e-01 6.26575295e-03 9.74560022e-01 6.05587196e+00
2.30000000e+02 9.72427189e-01 4.64686975e-02 2.28530243e-01 3.71375179e+00 -4.48090583e-02 9.98917997e-01 -1.24485726e-02 -2.04008907e-01 -2.28861436e-01 1.86510582e-03 9.73457217e-01 6.09697914e+00
2.32000000e+02 9.70947266e-01 3.95022705e-02 2.36010462e-01 3.73481750e+00 -4.01285216e-02 9.99192238e-01 -2.15111021e-03 -2.05675259e-01 -2.35904783e-01 -7.38213584e-03 9.71748114e-01 6.18155479e+00
2.34000000e+02 9.70421910e-01 3.15239690e-02 2.39348188e-01 3.75629807e+00 -3.13271694e-02 9.99498487e-01 -4.62751603e-03 -2.06913471e-01 -2.39374027e-01 -3.00745852e-03 9.70922768e-01 6.26776123e+00
2.36000000e+02 9.70657885e-01 3.31342332e-02 2.38170996e-01 3.77788067e+00 -2.96651479e-02 9.99395370e-01 -1.81360822e-02 -2.08518595e-01 -2.38627911e-01 1.05385529e-02 9.71053898e-01 6.35665846e+00
2.38000000e+02 9.71901476e-01 3.41780409e-02 2.32893556e-01 3.79971886e+00 -3.08909602e-02 9.99365151e-01 -1.77479144e-02 -2.10011438e-01 -2.33352289e-01 1.00549199e-02 9.72340286e-01 6.44939089e+00
2.40000000e+02 9.72850800e-01 3.10568959e-02 2.29339838e-01 3.82209730e+00 -3.09152175e-02 9.99513149e-01 -4.21156967e-03 -2.12208852e-01 -2.29358986e-01 -2.99286167e-03 9.73337293e-01 6.54625654e+00
2.42000000e+02 9.73430932e-01 3.97432894e-02 2.25505427e-01 3.84345889e+00 -3.85947824e-02 9.99209762e-01 -9.50099621e-03 -2.13931724e-01 -2.25704834e-01 5.45230228e-04 9.74195600e-01 6.64501715e+00
2.44000000e+02 9.75179434e-01 3.96679938e-02 2.17833757e-01 3.86574793e+00 -3.66395228e-02 9.99167740e-01 -1.79259330e-02 -2.15475261e-01 -2.18363553e-01 9.49967653e-03 9.75821257e-01 6.74673986e+00
2.46000000e+02 9.77020442e-01 3.31217684e-02 2.10556537e-01 3.88835287e+00 -3.08406372e-02 9.99424756e-01 -1.41091840e-02 -2.17950493e-01 -2.10902736e-01 7.29126297e-03 9.77479875e-01 6.85138369e+00
2.48000000e+02 9.77799177e-01 2.86902394e-02 2.07570881e-01 3.91092491e+00 -2.74027530e-02 9.99583244e-01 -9.07591358e-03 -2.20009297e-01 -2.07744762e-01 3.18640727e-03 9.78177905e-01 6.95898008e+00
2.50000000e+02 9.78126943e-01 2.47038640e-02 2.06536546e-01 3.93441153e+00 -2.39457674e-02 9.99694228e-01 -6.16989331e-03 -2.22093046e-01 -2.06625819e-01 1.08926266e-03 9.78419423e-01 7.06883430e+00
2.52000000e+02 9.77649510e-01 3.56384329e-02 2.07198843e-01 3.95653319e+00 -3.39983143e-02 9.99356031e-01 -1.14723062e-02 -2.23914906e-01 -2.07474276e-01 4.17148275e-03 9.78231609e-01 7.17902613e+00
2.55000000e+02 9.75325465e-01 5.30291125e-02 2.14308530e-01 3.98995113e+00 -5.20019494e-02 9.98592496e-01 -1.04319034e-02 -2.27720141e-01 -2.14560091e-01 -9.69960587e-04 9.76710320e-01 7.34825611e+00
2.58000000e+02 9.74487722e-01 4.54164892e-02 2.19797745e-01 4.02792311e+00 -4.36597429e-02 9.98963892e-01 -1.28461132e-02 -2.31379986e-01 -2.20153421e-01 2.92206672e-03 9.75460887e-01 7.51826859e+00
2.61000000e+02 9.74036217e-01 4.01297472e-02 2.22807333e-01 4.06719589e+00 -3.85508426e-02 9.99191225e-01 -1.14330864e-02 -2.35902518e-01 -2.23085940e-01 2.54682987e-03 9.74795461e-01 7.68781281e+00
2.64000000e+02 9.72958088e-01 4.53989618e-02 2.26476148e-01 4.10440588e+00 -4.47321981e-02 9.98966336e-01 -8.07803217e-03 -2.39635527e-01 -2.26608783e-01 -2.27118819e-03 9.73983228e-01 7.85717440e+00
2.67000000e+02 9.73814666e-01 3.58915143e-02 2.24492222e-01 4.14375782e+00 -3.16993520e-02 9.99249756e-01 -2.22515166e-02 -2.44102180e-01 -2.25122437e-01 1.45525951e-02 9.74221826e-01 8.02272701e+00
2.70000000e+02 9.74537969e-01 3.06757558e-02 2.22114250e-01 4.18176603e+00 -3.33027616e-02 9.99412537e-01 8.09075125e-03 -2.48397738e-01 -2.21735582e-01 -1.52817620e-02 9.74987090e-01 8.19149494e+00
2.73000000e+02 9.75599289e-01 3.49749140e-02 2.16755211e-01 4.21779776e+00 -3.21299583e-02 9.99345243e-01 -1.66365243e-02 -2.50914931e-01 -2.17195138e-01 9.26624518e-03 9.76084232e-01 8.35589123e+00
2.76000000e+02 9.78049278e-01 3.51843052e-02 2.05381781e-01 4.25230217e+00 -3.22573222e-02 9.99324918e-01 -1.75833721e-02 -2.55677074e-01 -2.05861792e-01 1.05723375e-02 9.78523970e-01 8.52042103e+00
2.79000000e+02 9.78837132e-01 4.81457151e-02 1.98896691e-01 4.28316307e+00 -4.59149331e-02 9.98820126e-01 -1.58155840e-02 -2.60498643e-01 -1.99423477e-01 6.34855172e-03 9.79892850e-01 8.68384933e+00
2.82000000e+02 9.80107486e-01 4.28111106e-02 1.93794966e-01 4.31451416e+00 -4.08239998e-02 9.99064922e-01 -1.42375659e-02 -2.64282703e-01 -1.94223270e-01 6.04285905e-03 9.80938733e-01 8.84591007e+00
2.85000000e+02 9.83716905e-01 3.35840397e-02 1.76559135e-01 4.34392262e+00 -3.17280851e-02 9.99407709e-01 -1.33252470e-02 -2.69020915e-01 -1.76902071e-01 7.50638824e-03 9.84199822e-01 9.00591850e+00
2.88000000e+02 9.86052096e-01 3.47205326e-02 1.62774965e-01 4.37058401e+00 -3.63347344e-02 9.99315500e-01 6.94933394e-03 -2.71479815e-01 -1.62422270e-01 -1.27667906e-02 9.86638725e-01 9.16767311e+00
2.92000000e+02 9.89858627e-01 3.45748849e-02 1.37784138e-01 4.40116405e+00 -3.32368053e-02 9.99375463e-01 -1.20010404e-02 -2.74502575e-01 -1.38113022e-01 7.29982881e-03 9.90389585e-01 9.38267231e+00
2.95000000e+02 9.92471993e-01 4.93674576e-02 1.12081036e-01 4.41829109e+00 -4.78902049e-02 9.98727083e-01 -1.58360880e-02 -2.78015882e-01 -1.12720154e-01 1.03492895e-02 9.93572891e-01 9.54804420e+00
2.98000000e+02 9.94796574e-01 5.08783907e-02 8.82673785e-02 4.43253469e+00 -5.03579266e-02 9.98698294e-01 -8.11475608e-03 -2.81541467e-01 -8.85653496e-02 3.62756895e-03 9.96063769e-01 9.71588326e+00
3.01000000e+02 9.96351123e-01 5.37262224e-02 6.63168430e-02 4.44334745e+00 -5.40584102e-02 9.98532593e-01 3.22352350e-03 -2.83727705e-01 -6.60463423e-02 -6.79674465e-03 9.97793436e-01 9.88482857e+00
3.04000000e+02 9.96535659e-01 6.35356009e-02 5.36647551e-02 4.45073700e+00 -6.30614311e-02 9.97954547e-01 -1.04851173e-02 -2.86246806e-01 -5.42211644e-02 7.06461677e-03 9.98503983e-01 1.00532265e+01
3.07000000e+02 9.96615648e-01 6.81425110e-02 4.59768511e-02 4.45663881e+00 -6.83757067e-02 9.97653425e-01 3.51670920e-03 -2.88515836e-01 -4.56293263e-02 -6.64850743e-03 9.98936296e-01 1.02226648e+01
3.09000000e+02 9.97094512e-01 6.61741868e-02 3.77294086e-02 4.46045113e+00 -6.65135980e-02 9.97754931e-01 7.81153562e-03 -2.89776206e-01 -3.71277817e-02 -1.02983583e-02 9.99257445e-01 1.03347750e+01
3.11000000e+02 9.98359680e-01 5.17356321e-02 2.45225262e-02 4.46448946e+00 -5.15913405e-02 9.98647273e-01 -6.48105936e-03 -2.90609956e-01 -2.48246547e-02 5.20527828e-03 9.99678254e-01 1.04454355e+01
3.13000000e+02 9.98501480e-01 5.37164956e-02 1.04560833e-02 4.46478510e+00 -5.37331030e-02 9.98554468e-01 1.31363422e-03 -2.92167068e-01 -1.03704054e-02 -1.87350344e-03 9.99944448e-01 1.05583992e+01
3.16000000e+02 9.99312162e-01 3.60519662e-02 -8.68980121e-03 4.46462011e+00 -3.59705314e-02 9.99309063e-01 9.35197528e-03 -2.93380678e-01 9.02095530e-03 -9.03296564e-03 9.99918520e-01 1.07288246e+01
3.18000000e+02 9.99459863e-01 2.37524100e-02 -2.27119233e-02 4.46289968e+00 -2.39242204e-02 9.99686956e-01 -7.32311793e-03 -2.94766545e-01 2.25308724e-02 7.86252692e-03 9.99715209e-01 1.08411951e+01
3.20000000e+02 9.99218643e-01 1.64247788e-02 -3.59492972e-02 4.45969582e+00 -1.65811814e-02 9.99854267e-01 -4.05682251e-03 -2.95604825e-01 3.58774252e-02 4.64973459e-03 9.99345362e-01 1.09558258e+01
3.22000000e+02 9.98444140e-01 3.27705778e-02 -4.51147370e-02 4.45232773e+00 -3.20199467e-02 9.99338150e-01 1.72618106e-02 -2.97029793e-01 4.56505604e-02 -1.57903824e-02 9.98832643e-01 1.10714159e+01
3.24000000e+02 9.98126686e-01 3.38393487e-02 -5.09705693e-02 4.44548607e+00 -3.37191075e-02 9.99426186e-01 3.21726943e-03 -2.96942621e-01 5.10501899e-02 -1.49256038e-03 9.98694956e-01 1.11848936e+01
3.26000000e+02 9.97489393e-01 4.30341959e-02 -5.62404804e-02 4.43757772e+00 -4.36101444e-02 9.99007583e-01 -9.05339327e-03 -2.98391879e-01 5.57950623e-02 1.14833191e-02 9.98376191e-01 1.12986374e+01
3.28000000e+02 9.97569919e-01 3.74466442e-02 -5.87540120e-02 4.43161249e+00 -3.72603238e-02 9.99296486e-01 4.26391233e-03 -2.99394399e-01 5.88723458e-02 -2.06435705e-03 9.98263359e-01 1.14150753e+01
3.30000000e+02 9.97410536e-01 3.95603180e-02 -6.00603111e-02 4.42363167e+00 -3.90796475e-02 9.99194145e-01 9.15723480e-03 -3.00539225e-01 6.03741743e-02 -6.78638648e-03 9.98152733e-01 1.15313568e+01
3.32000000e+02 9.97574806e-01 2.53576785e-02 -6.48186877e-02 4.41681099e+00 -2.61563063e-02 9.99591708e-01 -1.15020545e-02 -3.01909804e-01 6.45005554e-02 1.31695773e-02 9.97830749e-01 1.16459799e+01
3.34000000e+02 9.97522533e-01 1.77296549e-02 -6.80771321e-02 4.41003656e+00 -1.85218118e-02 9.99767721e-01 -1.10225938e-02 -3.03882897e-01 6.78658932e-02 1.22561967e-02 9.97619152e-01 1.17615662e+01
3.36000000e+02 9.97220695e-01 2.49972325e-02 -7.01856166e-02 4.40048695e+00 -2.47967485e-02 9.99685585e-01 3.72642907e-03 -3.06376189e-01 7.02567026e-02 -1.97569700e-03 9.97527003e-01 1.18777895e+01
3.38000000e+02 9.97176588e-01 2.35168301e-02 -7.13148117e-02 4.39207411e+00 -2.40505524e-02 9.99688745e-01 -6.63449103e-03 -3.07537556e-01 7.11365938e-02 8.33091978e-03 9.97431815e-01 1.19917984e+01
3.40000000e+02 9.96853173e-01 3.29047069e-02 -7.21180439e-02 4.38263512e+00 -3.32748257e-02 9.99438465e-01 -3.93643416e-03 -3.09413642e-01 7.19480217e-02 6.32376224e-03 9.97388363e-01 1.21057234e+01
3.42000000e+02 9.96550262e-01 4.02328409e-02 -7.25874081e-02 4.37321472e+00 -4.01784182e-02 9.99190092e-01 2.21030856e-03 -3.11356008e-01 7.26175457e-02 7.13763584e-04 9.97359633e-01 1.22194242e+01
3.44000000e+02 9.96463537e-01 4.03434448e-02 -7.37077817e-02 4.36401606e+00 -4.05717902e-02 9.99175370e-01 -1.60272524e-03 -3.13356638e-01 7.35823363e-02 4.58751386e-03 9.97278571e-01 1.23302279e+01
3.46000000e+02 9.96129334e-01 4.36333865e-02 -7.63055012e-02 4.35484457e+00 -4.42566983e-02 9.98999059e-01 -6.49600709e-03 -3.14977646e-01 7.59456754e-02 9.84789245e-03 9.97063339e-01 1.24389238e+01
3.48000000e+02 9.95960474e-01 4.16371822e-02 -7.95557126e-02 4.34611130e+00 -4.08040695e-02 9.99094248e-01 1.20698987e-02 -3.15960824e-01 7.99862146e-02 -8.77494458e-03 9.96757329e-01 1.25466967e+01
3.50000000e+02 9.96166945e-01 3.38341743e-02 -8.06639045e-02 4.33774090e+00 -3.33721377e-02 9.99418020e-01 7.06961192e-03 -3.16991061e-01 8.08561519e-02 -4.35058679e-03 9.96716261e-01 1.26492710e+01
3.52000000e+02 9.96201217e-01 3.53022702e-02 -7.96044245e-02 4.32913923e+00 -3.57279144e-02 9.99353826e-01 -3.92859476e-03 -3.18336248e-01 7.94143006e-02 6.75777113e-03 9.96818781e-01 1.27465792e+01
3.54000000e+02 9.96620834e-01 2.83790454e-02 -7.70814940e-02 4.32284641e+00 -2.94039939e-02 9.99493241e-01 -1.21944845e-02 -3.20271552e-01 7.66963586e-02 1.44197810e-02 9.96950209e-01 1.28382721e+01
3.57000000e+02 9.97604251e-01 3.26479562e-02 -6.09911419e-02 4.31323051e+00 -3.26758064e-02 9.99465883e-01 5.41005400e-04 -3.23275983e-01 6.09762259e-02 1.45322538e-03 9.98138189e-01 1.29752455e+01
3.60000000e+02 9.98372078e-01 3.83902229e-02 -4.21831645e-02 4.30604315e+00 -3.86502668e-02 9.99238372e-01 -5.36617450e-03 -3.25363636e-01 4.19450291e-02 6.98782923e-03 9.99095500e-01 1.31086130e+01
3.62000000e+02 9.98750746e-01 4.16254364e-02 -2.76444461e-02 4.30247450e+00 -4.21813577e-02 9.98912930e-01 -1.98402610e-02 -3.27043414e-01 2.67885346e-02 2.09815558e-02 9.99420881e-01 1.31952705e+01
3.65000000e+02 9.99522567e-01 2.97921784e-02 -8.18625186e-03 4.30223131e+00 -2.98568103e-02 9.99523044e-01 -7.88971595e-03 -3.30546767e-01 7.94729590e-03 8.13036505e-03 9.99935389e-01 1.33260269e+01
3.67000000e+02 9.99669075e-01 2.56838296e-02 1.44019641e-03 4.30231237e+00 -2.56757494e-02 9.99655902e-01 -5.37325907e-03 -3.32868576e-01 -1.57770666e-03 5.33450255e-03 9.99984503e-01 1.34120932e+01
3.69000000e+02 9.99560416e-01 2.95565818e-02 2.30875681e-03 4.30190134e+00 -2.95518637e-02 9.99561131e-01 -2.05204240e-03 -3.33809644e-01 -2.36839498e-03 1.98291219e-03 9.99995232e-01 1.34989014e+01
3.71000000e+02 9.99530375e-01 3.06038894e-02 1.55861943e-03 4.30174112e+00 -3.06080133e-02 9.99527812e-01 2.69545568e-03 -3.35277468e-01 -1.47539203e-03 -2.74189608e-03 9.99995172e-01 1.35866404e+01
3.73000000e+02 9.99030709e-01 4.40160260e-02 4.93959815e-04 4.29956293e+00 -4.40079123e-02 9.98970270e-01 -1.10311424e-02 -3.36565793e-01 -9.78998258e-04 1.09987110e-02 9.99939024e-01 1.36741076e+01
3.76000000e+02 9.99246776e-01 3.76597457e-02 -9.36192740e-03 4.29870605e+00 -3.78240943e-02 9.99121487e-01 -1.80457570e-02 -3.38844538e-01 8.67410470e-03 1.83862709e-02 9.99793351e-01 1.38075523e+01
3.79000000e+02 9.99238193e-01 3.29960361e-02 -2.08393652e-02 4.29578304e+00 -3.26098874e-02 9.99294996e-01 1.86055042e-02 -3.41344297e-01 2.14385800e-02 -1.79117601e-02 9.99609709e-01 1.39455070e+01
3.82000000e+02 9.98949766e-01 3.43816951e-02 -3.02867237e-02 4.29078436e+00 -3.43489870e-02 9.99408603e-01 1.59975106e-03 -3.41000468e-01 3.03238146e-02 -5.57752675e-04 9.99539971e-01 1.40829077e+01
3.84000000e+02 9.99271035e-01 1.84966624e-02 -3.33949514e-02 4.28896475e+00 -1.84459798e-02 9.99828219e-01 1.82517932e-03 -3.41117442e-01 3.34229730e-02 -1.20784622e-03 9.99440551e-01 1.41768913e+01
3.87000000e+02 9.99274194e-01 5.53934043e-03 -3.76887619e-02 4.28477573e+00 -5.33022080e-03 9.99969840e-01 5.64681599e-03 -3.42391640e-01 3.77189070e-02 -5.44182770e-03 9.99273598e-01 1.43181973e+01
3.89000000e+02 9.99169648e-01 -8.89049657e-03 -3.97616811e-02 4.28225183e+00 8.88636243e-03 9.99960482e-01 -2.80708104e-04 -3.43003452e-01 3.97626050e-02 -7.28617015e-05 9.99209166e-01 1.44116783e+01
3.91000000e+02 9.99094784e-01 -1.10695343e-02 -4.10738811e-02 4.27823782e+00 1.13736112e-02 9.99909580e-01 7.17688631e-03 -3.43934327e-01 4.09907214e-02 -7.63754826e-03 9.99130309e-01 1.45059023e+01
3.93000000e+02 9.98992145e-01 -1.37772048e-02 -4.27189283e-02 4.27475548e+00 1.41222319e-02 9.99869943e-01 7.78542971e-03 -3.44904989e-01 4.26061116e-02 -8.38086940e-03 9.99056816e-01 1.45985832e+01
3.96000000e+02 9.98957217e-01 -1.70758236e-02 -4.23432514e-02 4.26900482e+00 1.64751802e-02 9.99759197e-01 -1.44937383e-02 -3.46312881e-01 4.25805487e-02 1.37810120e-02 9.98997986e-01 1.47340221e+01
4.00000000e+02 9.98897314e-01 -1.78544484e-02 -4.34213653e-02 4.26193571e+00 1.81328189e-02 9.99817431e-01 6.02546893e-03 -3.50431561e-01 4.33058590e-02 -6.80617662e-03 9.99038696e-01 1.49103928e+01
4.05000000e+02 9.96989727e-01 -3.20689231e-02 -7.05906674e-02 4.25129032e+00 3.24930586e-02 9.99460101e-01 4.86802682e-03 -3.52156043e-01 7.03964382e-02 -7.14707933e-03 9.97493505e-01 1.51044960e+01
4.09000000e+02 9.88044679e-01 -3.53643596e-02 -1.50056735e-01 4.23245096e+00 3.59077416e-02 9.99354720e-01 9.12430580e-04 -3.53598267e-01 1.49927631e-01 -6.28972054e-03 9.88676965e-01 1.52393150e+01
4.13000000e+02 9.57846224e-01 -3.16294357e-02 -2.85534978e-01 4.19725895e+00 3.13513838e-02 9.99493062e-01 -5.54607157e-03 -3.55921507e-01 2.85565615e-01 -3.63963284e-03 9.58352268e-01 1.53627110e+01
4.16000000e+02 9.07818615e-01 -1.32368375e-02 -4.19154078e-01 4.15732336e+00 8.73150397e-03 9.99881685e-01 -1.26651507e-02 -3.56825769e-01 4.19272125e-01 7.83781428e-03 9.07826781e-01 1.54435272e+01
4.19000000e+02 8.26491296e-01 2.11324748e-02 -5.62552691e-01 4.10376120e+00 -3.06620467e-02 9.99501646e-01 -7.50147039e-03 -3.59021276e-01 5.62113822e-01 2.34489162e-02 8.26727390e-01 1.55125303e+01
4.21000000e+02 7.54383862e-01 3.56525332e-02 -6.55464649e-01 4.06305504e+00 -4.22913916e-02 9.99089241e-01 5.66944247e-03 -3.58973026e-01 6.55069828e-01 2.34435759e-02 7.55204558e-01 1.55531139e+01
4.23000000e+02 6.74637258e-01 5.94431125e-02 -7.35752046e-01 4.01770926e+00 -5.21816798e-02 9.98099089e-01 3.27914953e-02 -3.58492136e-01 7.36302733e-01 1.62704159e-02 6.76456630e-01 1.55882111e+01
4.25000000e+02 5.88319123e-01 7.20572397e-02 -8.05411935e-01 3.96931267e+00 -5.63853607e-02 9.97252941e-01 4.80334461e-02 -3.56810629e-01 8.06660593e-01 1.71544477e-02 5.90765953e-01 1.56170864e+01
4.27000000e+02 4.93440032e-01 7.21502081e-02 -8.66782129e-01 3.91967797e+00 -4.94062193e-02 9.97269571e-01 5.48859946e-02 -3.54507506e-01 8.68375480e-01 1.57414824e-02 4.95657384e-01 1.56407776e+01
4.29000000e+02 3.89776975e-01 5.88077269e-02 -9.19029713e-01 3.86800218e+00 -3.21718268e-02 9.98219371e-01 5.02303392e-02 -3.51939619e-01 9.20347154e-01 9.98823252e-03 3.90974879e-01 1.56597385e+01
4.31000000e+02 2.84680784e-01 5.13188615e-02 -9.57247734e-01 3.81059217e+00 -2.72410307e-02 9.98595834e-01 4.54342216e-02 -3.48566294e-01 9.58235264e-01 1.31421648e-02 2.85679042e-01 1.56735764e+01
4.33000000e+02 1.89023808e-01 5.32930121e-02 -9.80525315e-01 3.74762058e+00 -2.53763497e-02 9.98457849e-01 4.93756682e-02 -3.46261263e-01 9.81644571e-01 1.55489761e-02 1.90084681e-01 1.56821404e+01
4.35000000e+02 1.05669700e-01 5.12673110e-02 -9.93078828e-01 3.68016672e+00 -2.21658461e-02 9.98543382e-01 4.91908342e-02 -3.43083739e-01 9.94154215e-01 1.68144517e-02 1.06652170e-01 1.56866894e+01
4.37000000e+02 4.12838943e-02 4.72246595e-02 -9.98030782e-01 3.60882401e+00 -2.20147669e-02 9.98682857e-01 4.63448651e-02 -3.39789808e-01 9.98904884e-01 2.00581197e-02 4.22691591e-02 1.56873264e+01
4.39000000e+02 -6.45105261e-03 4.40700874e-02 -9.99007642e-01 3.53398776e+00 -2.33368315e-02 9.98749673e-01 4.42094058e-02 -3.36981535e-01 9.99706864e-01 2.35988703e-02 -5.41453063e-03 1.56850233e+01
4.42000000e+02 -5.01996763e-02 3.94980945e-02 -9.97957885e-01 3.41147280e+00 -2.97988914e-02 9.98713553e-01 4.10269611e-02 -3.32558215e-01 9.98294532e-01 3.17975767e-02 -4.89581004e-02 1.56768427e+01
4.45000000e+02 -6.18788712e-02 3.74693982e-02 -9.97380078e-01 3.27912331e+00 -2.98230220e-02 9.98779476e-01 3.93722318e-02 -3.27346981e-01 9.97637987e-01 3.21811959e-02 -6.06858954e-02 1.56680889e+01
