0.00000000e+00 9.99955535e-01 4.53764433e-03 -8.26631673e-03 2.25096345e-02 -4.63874685e-03 9.99914169e-01 -1.22528179e-02 1.71659850e-02 8.21000896e-03 1.22906184e-02 9.99890745e-01 -1.71407983e-02
2.00000000e+00 9.99921083e-01 9.55576077e-03 -8.15415848e-03 2.14472115e-02 -9.63720866e-03 9.99903500e-01 -1.00083388e-02 1.51172280e-02 8.05773400e-03 1.00861331e-02 9.99916673e-01 3.73922549e-02
3.00000000e+00 9.99914408e-01 1.06652556e-02 -7.57872174e-03 2.07623169e-02 -1.07427118e-02 9.99889731e-01 -1.02540348e-02 1.41499210e-02 7.46852392e-03 1.03345728e-02 9.99918699e-01 6.34035915e-02
6.00000000e+00 9.99888659e-01 1.34541597e-02 -6.45798817e-03 1.89445000e-02 -1.35201449e-02 9.99855697e-01 -1.02851028e-02 1.18156318e-02 6.31867908e-03 1.03712706e-02 9.99926269e-01 1.39723256e-01
8.00000000e+00 9.99893904e-01 1.38628110e-02 -4.47683223e-03 1.81755256e-02 -1.38776070e-02 9.99898314e-01 -3.29116313e-03 1.01671768e-02 4.43075225e-03 3.35294171e-03 9.99984562e-01 1.86844543e-01
1.10000000e+01 9.99916792e-01 1.28622372e-02 -9.55930096e-04 1.75355822e-02 -1.28601482e-02 9.99914944e-01 2.15995219e-03 8.35542474e-03 9.83630656e-04 -2.14747922e-03 9.99997199e-01 2.51420587e-01
1.30000000e+01 9.99906421e-01 1.36096338e-02 1.39942428e-03 1.70273818e-02 -1.36048310e-02 9.99901712e-01 -3.38621228e-03 7.41761830e-03 -1.44537189e-03 3.36685637e-03 9.99993265e-01 2.89696306e-01
1.50000000e+01 9.99957621e-01 7.94272311e-03 4.66018217e-03 1.70788933e-02 -7.90975988e-03 9.99943852e-01 -7.04970164e-03 6.44033402e-03 -4.71591437e-03 7.01254141e-03 9.99964297e-01 3.23756486e-01
1.70000000e+01 9.99911010e-01 1.02998987e-02 8.47567525e-03 1.71618368e-02 -1.02146743e-02 9.99897420e-01 -1.00377640e-02 5.26848063e-03 -8.57819337e-03 9.95029509e-03 9.99913692e-01 3.53497356e-01
1.90000000e+01 9.99776959e-01 1.49702281e-02 1.48964655e-02 1.70694180e-02 -1.48253897e-02 9.99842227e-01 -9.78643540e-03 4.31227079e-03 -1.50406193e-02 9.56340693e-03 9.99841154e-01 3.79130095e-01
2.10000000e+01 9.99777019e-01 6.33148476e-03 2.01453064e-02 1.79252885e-02 -6.13493565e-03 9.99933124e-01 -9.80346184e-03 3.83908628e-03 -2.02060305e-02 9.67768580e-03 9.99749005e-01 4.00654137e-01
2.50000000e+01 9.99566615e-01 3.93661251e-03 2.91733257e-02 1.89660937e-02 -3.65904300e-03 9.99947608e-01 -9.56177991e-03 2.50397157e-03 -2.92094368e-02 9.45088919e-03 9.99528646e-01 4.31409210e-01
2.70000000e+01 9.99394119e-01 8.98812246e-03 3.36242877e-02 1.89232770e-02 -8.62343516e-03 9.99902606e-01 -1.09752910e-02 1.99064286e-03 -3.37196626e-02 1.06786843e-02 9.99374270e-01 4.43278044e-01
2.90000000e+01 9.99275148e-01 9.41766426e-03 3.68840136e-02 1.93277020e-02 -8.90106335e-03 9.99860346e-01 -1.41453492e-02 1.38632674e-03 -3.70120779e-02 1.38067892e-02 9.99219418e-01 4.54153508e-01
4.10000000e+01 9.99726653e-01 7.55140511e-03 2.21266355e-02 2.05186643e-02 -6.86023384e-03 9.99491215e-01 -3.11481841e-02 -7.12993555e-04 -2.23505907e-02 3.09878755e-02 9.99269843e-01 5.07934391e-01
4.40000000e+01 9.99976039e-01 6.36090292e-03 -2.73257261e-03 1.96401980e-02 -6.44954806e-03 9.99409199e-01 -3.37588787e-02 -1.28835440e-03 2.51622126e-03 3.37756947e-02 9.99426246e-01 5.21548510e-01
4.70000000e+01 9.98704851e-01 4.44460567e-03 -5.06838337e-02 1.76004767e-02 -6.38498133e-03 9.99250233e-01 -3.81865092e-02 -1.80236250e-03 5.04761077e-02 3.84606645e-02 9.97984409e-01 5.37934661e-01
4.90000000e+01 9.95438755e-01 6.15932420e-03 -9.52036455e-02 1.47530176e-02 -9.61769745e-03 9.99308765e-01 -3.59099880e-02 -2.49438360e-03 9.49166566e-02 3.66618335e-02 9.94809926e-01 5.51236093e-01
5.50000000e+01 9.53847468e-01 1.47301797e-02 -2.99930096e-01 -2.24854052e-03 -1.97240673e-02 9.99712586e-01 -1.36291916e-02 -4.31039976e-03 2.99643129e-01 1.89160109e-02 9.53863800e-01 6.01191878e-01
5.70000000e+01 9.23040271e-01 2.08459720e-02 -3.84138167e-01 -1.22154057e-02 -2.37426441e-02 9.99714196e-01 -2.79951980e-03 -4.82076779e-03 3.83969992e-01 1.17045250e-02 9.23271358e-01 6.20555520e-01
5.90000000e+01 8.82182539e-01 2.88725477e-02 -4.70021635e-01 -2.46195346e-02 -2.63163131e-02 9.99581516e-01 1.20093869e-02 -5.19390451e-03 4.70171690e-01 1.77476532e-03 8.82573187e-01 6.40262485e-01
6.20000000e+01 7.99831748e-01 4.07226011e-02 -5.98841250e-01 -4.96843457e-02 -3.37770097e-02 9.99168575e-01 2.28321236e-02 -5.24827372e-03 5.99273145e-01 1.96520914e-03 8.00542235e-01 6.69655621e-01
6.50000000e+01 6.91545308e-01 4.79818359e-02 -7.20737696e-01 -8.29373896e-02 -3.39923501e-02 9.98847663e-01 3.38809714e-02 -4.11468931e-03 7.21532822e-01 1.06934051e-03 6.92379415e-01 6.99673176e-01
6.70000000e+01 6.09439552e-01 4.65979278e-02 -7.91461945e-01 -1.09587580e-01 -2.62409057e-02 9.98909891e-01 3.86056267e-02 -3.35920975e-03 7.92398155e-01 -2.75911624e-03 6.09997988e-01 7.18456984e-01
6.90000000e+01 5.19977093e-01 4.80983555e-02 -8.52824926e-01 -1.40435040e-01 -2.03369651e-02 9.98827457e-01 4.39330526e-02 -2.26766802e-03 8.53938043e-01 -5.50031196e-03 5.20345569e-01 7.35530376e-01
7.10000000e+01 4.20687854e-01 4.68632765e-02 -9.05994236e-01 -1.75512940e-01 -1.48651237e-02 9.98886883e-01 4.47657779e-02 -8.79190862e-04 9.07083631e-01 -5.36470162e-03 4.20916200e-01 7.49844611e-01
7.30000000e+01 3.15512478e-01 4.51345779e-02 -9.47847426e-01 -2.14866847e-01 -7.19867786e-03 9.98953283e-01 4.51718904e-02 6.70677051e-04 9.48894143e-01 -7.42904795e-03 3.15507144e-01 7.61578143e-01
7.50000000e+01 2.13810250e-01 5.59511222e-02 -9.75271583e-01 -2.58882761e-01 -3.54753295e-03 9.98396277e-01 5.65000512e-02 2.58575939e-03 9.76868749e-01 -8.62048194e-03 2.13665843e-01 7.69313693e-01
7.60000000e+01 1.66511387e-01 5.70704862e-02 -9.84386563e-01 -2.82066196e-01 2.13254103e-03 9.98300433e-01 5.82378767e-02 3.54014523e-03 9.86037254e-01 -1.17965145e-02 1.66106701e-01 7.72182703e-01
7.70000000e+01 1.22551784e-01 5.83496019e-02 -9.90745366e-01 -3.06232691e-01 5.06306998e-03 9.98220444e-01 5.94161265e-02 4.44179401e-03 9.92449224e-01 -1.22977654e-02 1.22038268e-01 7.74325848e-01
7.80000000e+01 8.26312229e-02 5.69092073e-02 -9.94953990e-01 -3.31428349e-01 5.33118378e-03 9.98328686e-01 5.75449876e-02 5.51371835e-03 9.96565938e-01 -1.00592952e-02 8.21897238e-02 7.75486350e-01
7.90000000e+01 4.74783853e-02 5.26467115e-02 -9.97483909e-01 -3.57339531e-01 2.88673863e-03 9.98598635e-01 5.28429523e-02 6.93728030e-03 9.98868108e-01 -5.38837304e-03 4.72598746e-02 7.75732875e-01
8.00000000e+01 1.93378031e-02 5.25637157e-02 -9.98430312e-01 -3.83860648e-01 6.32374897e-04 9.98616219e-01 5.25857471e-02 8.39437079e-03 9.99812782e-01 -1.64827507e-03 1.92778036e-02 7.75279224e-01
8.20000000e+01 -1.42927524e-02 6.27294704e-02 -9.97928202e-01 -4.40614879e-01 1.50072889e-03 9.98030365e-01 6.27143979e-02 1.09011382e-02 9.99896705e-01 -6.01258362e-04 -1.43587412e-02 7.73805976e-01
8.40000000e+01 -2.62712147e-02 6.24274760e-02 -9.97703671e-01 -5.01852930e-01 2.37401063e-03 9.98049259e-01 6.23865873e-02 1.38524324e-02 9.99652028e-01 -7.29587802e-04 -2.63681691e-02 7.71794379e-01
8.60000000e+01 -2.12612860e-02 5.67295700e-02 -9.98163164e-01 -5.64766884e-01 2.17896942e-02 9.98178005e-01 5.62662855e-02 1.73264649e-02 9.99536455e-01 -2.05533765e-02 -2.24586669e-02 7.70678580e-01
8.80000000e+01 -1.03420895e-02 5.55607043e-02 -9.98401761e-01 -6.31486058e-01 1.98792052e-02 9.98269260e-01 5.53474091e-02 2.01971848e-02 9.99748886e-01 -1.92750245e-02 -1.14286924e-02 7.69305229e-01
9.00000000e+01 -5.12082549e-03 3.88897508e-02 -9.99230385e-01 -7.01267898e-01 2.14580595e-02 9.99017656e-01 3.87715027e-02 2.29120683e-02 9.99756634e-01 -2.12430023e-02 -5.95029350e-03 7.68282354e-01
9.20000000e+01 -5.76659385e-03 2.79625840e-02 -9.99592364e-01 -7.73806870e-01 8.27991404e-03 9.99576032e-01 2.79143620e-02 2.50510313e-02 9.99949098e-01 -8.11556727e-03 -5.99567685e-03 7.66153634e-01
9.40000000e+01 -1.37920361e-02 4.20697108e-02 -9.99019504e-01 -8.51272106e-01 -5.87994093e-03 9.99093831e-01 4.21540141e-02 2.71323752e-02 9.99887586e-01 6.45556534e-03 -1.35321701e-02 7.63210535e-01
9.60000000e+01 -2.00250354e-02 6.11707717e-02 -9.97926414e-01 -9.31600571e-01 -8.65424238e-03 9.98078585e-01 6.13537617e-02 3.03763691e-02 9.99761999e-01 9.86490864e-03 -1.94571726e-02 7.60611892e-01
9.80000000e+01 -2.24302672e-02 6.95772842e-02 -9.97324347e-01 -1.01325703e+00 -5.91221778e-03 9.97548640e-01 6.97259009e-02 3.44888009e-02 9.99730945e-01 7.46036926e-03 -2.19639260e-02 7.57964849e-01
1.00000000e+02 -2.71696988e-02 6.21226914e-02 -9.97698665e-01 -1.09527171e+00 -7.65474373e-03 9.98024881e-01 6.23514652e-02 3.85880060e-02 9.99601543e-01 9.33119748e-03 -2.66405027e-02 7.55025566e-01
1.02000000e+02 -3.72667015e-02 5.26140593e-02 -9.97919321e-01 -1.17796159e+00 -7.26802880e-03 9.98572290e-01 5.29199094e-02 4.21969295e-02 9.99278903e-01 9.22505651e-03 -3.68310958e-02 7.51088142e-01
1.05000000e+02 -5.64423874e-02 5.76826371e-02 -9.96738136e-01 -1.30633295e+00 -9.44325421e-03 9.98254120e-01 5.83051145e-02 4.73795272e-02 9.98361170e-01 1.27033321e-02 -5.57991378e-02 7.42793858e-01
1.07000000e+02 -6.72393888e-02 6.26502112e-02 -9.95767951e-01 -1.39331961e+00 -1.55728906e-02 9.97839153e-01 6.38320819e-02 5.15488386e-02 9.97615337e-01 1.97990164e-02 -6.61184490e-02 7.35854685e-01
1.10000000e+02 -7.31424391e-02 6.44930825e-02 -9.95234072e-01 -1.52337158e+00 -2.51836851e-02 9.97469306e-01 6.64887503e-02 5.83580397e-02 9.97003496e-01 2.99268104e-02 -7.13331625e-02 7.24874675e-01
1.13000000e+02 -7.65573084e-02 6.21647425e-02 -9.95125353e-01 -1.65456796e+00 -2.88136899e-02 9.97499704e-01 6.45297691e-02 6.47140965e-02 9.96648788e-01 3.36134583e-02 -7.45747015e-02 7.13290334e-01
1.17000000e+02 -7.52563030e-02 5.84821142e-02 -9.95447814e-01 -1.83276927e+00 -4.07838635e-02 9.97262895e-01 6.16720244e-02 7.25436285e-02 9.96329844e-01 4.52394187e-02 -7.26651922e-02 6.96888566e-01
1.20000000e+02 -6.91173151e-02 6.04311861e-02 -9.95776534e-01 -1.96749020e+00 -3.87289189e-02 9.97248590e-01 6.32087141e-02 7.88450465e-02 9.96856511e-01 4.29341644e-02 -6.65867105e-02 6.85363591e-01
1.23000000e+02 -5.32763191e-02 6.13925532e-02 -9.96690810e-01 -2.10402298e+00 -5.17765395e-02 9.96595919e-01 6.41543269e-02 8.55919570e-02 9.97236609e-01 5.50231077e-02 -4.99162674e-02 6.74033582e-01
1.25000000e+02 -4.15843353e-02 5.94908856e-02 -9.97362316e-01 -2.19557214e+00 -5.30771427e-02 9.96684730e-01 6.16634823e-02 9.03275609e-02 9.97724175e-01 5.55013753e-02 -3.82888652e-02 6.68408155e-01
1.27000000e+02 -3.04834656e-02 5.91610968e-02 -9.97782886e-01 -2.28824472e+00 -5.07762916e-02 9.96866286e-01 6.06580228e-02 9.53043252e-02 9.98244703e-01 5.25127836e-02 -2.73839571e-02 6.63873017e-01
1.29000000e+02 -1.91385280e-02 6.10181578e-02 -9.97953176e-01 -2.38137913e+00 -5.12736775e-02 9.96762693e-01 6.19286820e-02 1.00535929e-01 9.98501241e-01 5.23539521e-02 -1.59479454e-02 6.60355806e-01
1.31000000e+02 -8.60076398e-03 5.58191054e-02 -9.98403847e-01 -2.47484422e+00 -5.11100926e-02 9.97111201e-01 5.61871268e-02 1.04614027e-01 9.98655975e-01 5.15117683e-02 -5.72299818e-03 6.57619298e-01
1.33000000e+02 -8.95607285e-04 5.00142351e-02 -9.98748124e-01 -2.56917048e+00 -5.08325659e-02 9.97455060e-01 4.99950647e-02 1.08193979e-01 9.98706818e-01 5.08137047e-02 1.64902385e-03 6.56592131e-01
1.35000000e+02 4.67425585e-03 5.24820238e-02 -9.98610914e-01 -2.66418862e+00 -5.00095263e-02 9.97384548e-01 5.21834902e-02 1.11136541e-01 9.98737812e-01 4.96961437e-02 7.28663150e-03 6.55582905e-01
1.37000000e+02 6.09989231e-03 5.31031415e-02 -9.98570383e-01 -2.75959611e+00 -5.29812463e-02 9.97203588e-01 5.27068116e-02 1.14766642e-01 9.98576880e-01 5.25839999e-02 8.89630523e-03 6.55034065e-01
1.39000000e+02 8.28422979e-03 5.07608987e-02 -9.98676479e-01 -2.85546422e+00 -5.41836508e-02 9.97266293e-01 5.02397604e-02 1.18041858e-01 9.98496592e-01 5.36957420e-02 1.10119944e-02 6.54444754e-01
1.40000000e+02 8.82802904e-03 4.91890460e-02 -9.98750448e-01 -2.90438700e+00 -5.24448715e-02 9.97437537e-01 4.86608185e-02 1.19969830e-01 9.98584807e-01 5.19497618e-02 1.13851205e-02 6.54561579e-01
1.42000000e+02 9.02921055e-03 4.96018231e-02 -9.98728275e-01 -3.00159311e+00 -4.69188429e-02 9.97689962e-01 4.91260774e-02 1.23076260e-01 9.98857915e-01 4.64156047e-02 1.13356123e-02 6.54970109e-01
1.43000000e+02 9.41194128e-03 5.29991575e-02 -9.98550177e-01 -3.04975605e+00 -4.61720526e-02 9.97552395e-01 5.25109991e-02 1.24234542e-01 9.98889148e-01 4.56108823e-02 1.18359840e-02 6.54683173e-01
1.45000000e+02 1.00764940e-02 5.69304824e-02 -9.98327315e-01 -3.14706802e+00 -5.10410443e-02 9.97105777e-01 5.63456491e-02 1.27231658e-01 9.98645723e-01 5.03879003e-02 1.29531212e-02 6.54312670e-01
1.47000000e+02 1.05598923e-02 5.24578616e-02 -9.98567283e-01 -3.24377060e+00 -5.18042631e-02 9.97310638e-01 5.18440157e-02 1.30869061e-01 9.98601437e-01 5.11825792e-02 1.32490341e-02 6.54003978e-01
1.48000000e+02 1.05649587e-02 5.19779921e-02 -9.98592317e-01 -3.29171038e+00 -4.91473116e-02 9.97468114e-01 5.13995029e-02 1.32362768e-01 9.98735666e-01 4.85350974e-02 1.30927879e-02 6.54035628e-01
1.49000000e+02 1.05172042e-02 5.33470474e-02 -9.98520672e-01 -3.34016204e+00 -4.75088395e-02 9.97474849e-01 5.27907722e-02 1.34098634e-01 9.98815477e-01 4.68833447e-02 1.30251031e-02 6.54178262e-01
1.50000000e+02 1.08361430e-02 5.58326431e-02 -9.98381317e-01 -3.38831711e+00 -4.72881272e-02 9.97351468e-01 5.52617982e-02 1.35870337e-01 9.98822510e-01 4.66127582e-02 1.34476637e-02 6.54175699e-01
1.51000000e+02 1.13874692e-02 5.85345924e-02 -9.98220444e-01 -3.43644786e+00 -4.74740677e-02 9.97191072e-01 5.79326600e-02 1.37370944e-01 9.98807549e-01 4.67298776e-02 1.41343586e-02 6.54129684e-01
1.53000000e+02 1.22272419e-02 5.65914065e-02 -9.98322546e-01 -3.53219819e+00 -4.84808944e-02 9.97256577e-01 5.59371933e-02 1.41047418e-01 9.98749256e-01 4.77156118e-02 1.49372993e-02 6.53638124e-01
1.54000000e+02 1.22652650e-02 5.49367070e-02 -9.98414516e-01 -3.57959700e+00 -4.67358828e-02 9.97429848e-01 5.43083921e-02 1.42895699e-01 9.98831987e-01 4.59956750e-02 1.48012573e-02 6.53926075e-01
1.55000000e+02 1.23256305e-02 5.62967472e-02 -9.98337984e-01 -3.62726021e+00 -4.54854146e-02 9.97411907e-01 5.56829534e-02 1.44481644e-01 9.98888969e-01 4.47234884e-02 1.48544116e-02 6.53995514e-01
1.56000000e+02 1.25806760e-02 5.90024628e-02 -9.98178542e-01 -3.67524266e+00 -4.29135710e-02 9.97369647e-01 5.84137850e-02 1.46281302e-01 9.98999596e-01 4.21005189e-02 1.50795914e-02 6.54271901e-01
1.57000000e+02 1.22748874e-02 6.15889095e-02 -9.98026133e-01 -3.72274065e+00 -4.16293852e-02 9.97267425e-01 6.10300824e-02 1.47959650e-01 9.99057710e-01 4.07980792e-02 1.48052545e-02 6.54778302e-01
1.58000000e+02 1.27158575e-02 6.26986474e-02 -9.97951508e-01 -3.77060223e+00 -4.23551239e-02 9.97170210e-01 6.21098727e-02 1.50520831e-01 9.99021709e-01 4.14785780e-02 1.53354825e-02 6.54780328e-01
1.60000000e+02 1.33627206e-02 6.44209757e-02 -9.97833312e-01 -3.86605096e+00 -4.63465452e-02 9.96889830e-01 6.37394041e-02 1.53988883e-01 9.98836040e-01 4.53943945e-02 1.63068492e-02 6.54677212e-01
1.62000000e+02 1.38633223e-02 5.91330566e-02 -9.98153865e-01 -3.96114039e+00 -5.04947491e-02 9.97017503e-01 5.83644174e-02 1.57753468e-01 9.98628080e-01 4.95924056e-02 1.68078840e-02 6.54578865e-01
1.64000000e+02 1.40953818e-02 5.77006787e-02 -9.98234391e-01 -4.05648565e+00 -4.90536727e-02 9.97171402e-01 5.69465831e-02 1.61570579e-01 9.98696685e-01 4.81643789e-02 1.68859418e-02 6.54834330e-01
1.66000000e+02 1.41373910e-02 6.19467162e-02 -9.97979343e-01 -4.15167189e+00 -4.78583090e-02 9.96977091e-01 6.12065457e-02 1.65010765e-01 9.98754084e-01 4.68963012e-02 1.70593206e-02 6.55261457e-01
1.68000000e+02 1.30125042e-02 6.23509660e-02 -9.97969449e-01 -4.24720240e+00 -5.47233447e-02 9.96602595e-01 6.15520291e-02 1.68913424e-01 9.98416781e-01 5.38112819e-02 1.63803492e-02 6.55127823e-01
1.70000000e+02 1.26089202e-02 5.81567474e-02 -9.98227835e-01 -4.34470177e+00 -5.90722598e-02 9.96606886e-01 5.73161542e-02 1.72620147e-01 9.98174071e-01 5.82448766e-02 1.60015877e-02 6.55108213e-01
1.72000000e+02 1.08537488e-02 5.33837117e-02 -9.98515069e-01 -4.44339132e+00 -5.58795445e-02 9.97045875e-01 5.26977591e-02 1.76442057e-01 9.98378515e-01 5.52246012e-02 1.38047421e-02 6.55430496e-01
1.75000000e+02 9.16310493e-03 5.84516488e-02 -9.98248160e-01 -4.59498358e+00 -4.95834462e-02 9.97088611e-01 5.79286180e-02 1.82180002e-01 9.98727977e-01 4.89657782e-02 1.20346621e-02 6.55423939e-01
1.77000000e+02 8.46408866e-03 5.42059578e-02 -9.98493910e-01 -4.69675207e+00 -4.78521399e-02 9.97407675e-01 5.37413508e-02 1.86410144e-01 9.98818576e-01 4.73251976e-02 1.10360179e-02 6.54997647e-01
1.79000000e+02 6.93411613e-03 4.93597090e-02 -9.98757005e-01 -4.79897594e+00 -4.76208963e-02 9.97664094e-01 4.89750803e-02 1.90008923e-01 9.98841405e-01 4.72221039e-02 9.26847197e-03 6.54525280e-01
1.81000000e+02 6.08883100e-03 5.51281795e-02 -9.98460710e-01 -4.90361786e+00 -5.44298068e-02 9.97017324e-01 5.47165573e-02 1.93944961e-01 9.98499036e-01 5.40128648e-02 9.07128584e-03 6.53301418e-01
1.83000000e+02 5.35981124e-03 5.83824702e-02 -9.98279929e-01 -5.00939512e+00 -6.69782534e-02 9.96073425e-01 5.78938201e-02 1.98244110e-01 9.97740030e-01 6.65527433e-02 9.24912095e-03 6.52086437e-01
1.85000000e+02 5.21467254e-03 5.49920984e-02 -9.98473167e-01 -5.11539412e+00 -7.25571513e-02 9.95875716e-01 5.44700995e-02 2.02656135e-01 9.97350633e-01 7.21623227e-02 9.18323547e-03 6.50973499e-01
1.87000000e+02 4.26015491e-03 5.39922416e-02 -9.98532295e-01 -5.22125769e+00 -7.03966320e-02 9.96080160e-01 5.35593107e-02 2.06009060e-01 9.97509956e-01 7.00651407e-02 8.04432761e-03 6.50109231e-01
1.89000000e+02 2.93822656e-03 5.93092851e-02 -9.98235345e-01 -5.32731199e+00 -7.03011155e-02 9.95782018e-01 5.89566007e-02 2.10332125e-01 9.97521460e-01 7.00038299e-02 7.09534250e-03 6.49630547e-01
1.91000000e+02 2.52260570e-03 6.21526316e-02 -9.98063445e-01 -5.43295860e+00 -6.98642284e-02 9.95638788e-01 6.18250594e-02 2.14709088e-01 9.97553349e-01 6.95729777e-02 6.85385009e-03 6.48655176e-01
1.92000000e+02 3.13591538e-03 6.06792271e-02 -9.98152375e-01 -5.48557186e+00 -6.95957765e-02 9.95750248e-01 6.03145473e-02 2.16891825e-01 9.97570336e-01 6.92780465e-02 7.34560657e-03 6.48458540e-01
1.94000000e+02 4.88722418e-03 5.92863895e-02 -9.98229027e-01 -5.59004450e+00 -6.87482506e-02 9.95899022e-01 5.88114187e-02 2.21233428e-01 9.97622073e-01 6.83390796e-02 8.94301757e-03 6.48141444e-01
1.96000000e+02 6.95677195e-03 6.52117953e-02 -9.97847199e-01 -5.69492435e+00 -7.00467303e-02 9.95451927e-01 6.45669103e-02 2.25541607e-01 9.97519433e-01 6.94467574e-02 1.14930058e-02 6.47315860e-01
1.98000000e+02 9.20865685e-03 6.32769093e-02 -9.97953534e-01 -5.79941320e+00 -7.38258883e-02 9.95315254e-01 6.24283962e-02 2.30452552e-01 9.97228622e-01 7.30999261e-02 1.38369910e-02 6.46754384e-01
2.00000000e+02 9.58068296e-03 5.84937185e-02 -9.98241782e-01 -5.90305471e+00 -6.97266832e-02 9.95896757e-01 5.76871000e-02 2.34709263e-01 9.97520149e-01 6.90514073e-02 1.36199435e-02 6.46830618e-01
2.02000000e+02 8.99882428e-03 5.88538237e-02 -9.98226047e-01 -6.00595331e+00 -6.58006072e-02 9.96137679e-01 5.81375174e-02 2.38059282e-01 9.97792184e-01 6.51607066e-02 1.28366854e-02 6.47017658e-01
2.04000000e+02 9.05688759e-03 5.73277622e-02 -9.98314321e-01 -6.10892057e+00 -6.29744157e-02 9.96406198e-01 5.66468760e-02 2.42386624e-01 9.97974038e-01 6.23552203e-02 1.26345223e-02 6.46948993e-01
2.06000000e+02 9.21586249e-03 6.08279593e-02 -9.98105705e-01 -6.21290064e+00 -5.84328994e-02 9.96475220e-01 6.01890609e-02 2.47066781e-01 9.98248816e-01 5.77675179e-02 1.27377333e-02 6.46428883e-01
2.08000000e+02 8.34892504e-03 5.94176501e-02 -9.98198271e-01 -6.31547737e+00 -5.76130338e-02 9.96603489e-01 5.88408448e-02 2.51810521e-01 9.98304069e-01 5.70179746e-02 1.17437989e-02 6.46528184e-01
2.10000000e+02 8.88894312e-03 7.05194175e-02 -9.97470796e-01 -6.41891479e+00 -6.34520575e-02 9.95539725e-01 6.98174387e-02 2.56452978e-01 9.97945309e-01 6.26709685e-02 1.33238975e-02 6.46010041e-01
2.12000000e+02 1.15166456e-02 6.70109317e-02 -9.97685790e-01 -6.52199745e+00 -7.18643069e-02 9.95227277e-01 6.60162494e-02 2.61267900e-01 9.97347951e-01 7.09377155e-02 1.62773747e-02 6.45133436e-01
2.14000000e+02 1.39253195e-02 6.02090284e-02 -9.98088658e-01 -6.62403727e+00 -7.57587776e-02 9.95379806e-01 5.89886308e-02 2.65491545e-01 9.97028947e-01 7.47925416e-02 1.84223447e-02 6.45082116e-01
2.16000000e+02 1.53358625e-02 5.23365252e-02 -9.98511732e-01 -6.72535706e+00 -6.74217939e-02 9.96410429e-01 5.11908755e-02 2.69594222e-01 9.97606695e-01 6.65363967e-02 1.88094359e-02 6.45866036e-01
2.18000000e+02 1.40523752e-02 5.22155538e-02 -9.98536944e-01 -6.82650995e+00 -5.88147826e-02 9.96949673e-01 5.13048507e-02 2.72710979e-01 9.98170018e-01 5.80077767e-02 1.70805566e-02 6.46703303e-01
2.21000000e+02 1.81992594e-02 5.86660877e-02 -9.98111784e-01 -6.97806692e+00 -6.15893751e-02 9.96447086e-01 5.74452393e-02 2.78169215e-01 9.97935653e-01 6.04276210e-02 2.17478070e-02 6.46964312e-01
2.23000000e+02 2.02011038e-02 5.96796758e-02 -9.98013139e-01 -7.07918978e+00 -6.26623631e-02 9.96329904e-01 5.83106503e-02 2.82455623e-01 9.97830331e-01 6.13599196e-02 2.38666348e-02 6.47179008e-01
2.25000000e+02 2.25870498e-02 5.60272932e-02 -9.98173714e-01 -7.17897177e+00 -6.33184165e-02 9.96504128e-01 5.45007847e-02 2.86458015e-01 9.97737765e-01 6.19717687e-02 2.60556471e-02 6.47984266e-01
2.27000000e+02 2.56232079e-02 6.00530505e-02 -9.97866273e-01 -7.27327013e+00 -6.45637140e-02 9.96209383e-01 5.82954697e-02 2.89237022e-01 9.97584581e-01 6.29322380e-02 2.94033289e-02 6.48963213e-01
2.29000000e+02 2.71068364e-02 6.25979453e-02 -9.97670650e-01 -7.36457539e+00 -6.60608187e-02 9.95967865e-01 6.06962256e-02 2.92390525e-01 9.97447312e-01 6.42616600e-02 3.11328080e-02 6.49300814e-01
2.31000000e+02 2.76018195e-02 6.27605692e-02 -9.97646868e-01 -7.45074129e+00 -6.57218844e-02 9.95981634e-01 6.08374886e-02 2.95332313e-01 9.97456133e-01 6.38880059e-02 3.16156484e-02 6.50603414e-01
2.34000000e+02 2.99802721e-02 6.22715913e-02 -9.97608840e-01 -7.57005167e+00 -6.58434629e-02 9.96012747e-01 6.01932257e-02 2.99095213e-01 9.97379482e-01 6.38814121e-02 3.39609087e-02 6.52562916e-01
2.36000000e+02 2.20848825e-02 5.58536127e-02 -9.98194695e-01 -7.64713812e+00 -6.30898550e-02 9.96526062e-01 5.43643907e-02 3.01562190e-01 9.97763455e-01 6.17753267e-02 2.55319569e-02 6.53778434e-01
2.38000000e+02 1.33432075e-02 5.22278249e-02 -9.98546064e-01 -7.72419071e+00 -6.68365583e-02 9.96448159e-01 5.12249842e-02 3.04118633e-01 9.97674704e-01 6.60558715e-02 1.67865418e-02 6.53788388e-01
2.40000000e+02 8.54249112e-03 5.46934940e-02 -9.98466671e-01 -7.80120134e+00 -6.74877614e-02 9.96257961e-01 5.39951101e-02 3.06512117e-01 9.97683525e-01 6.69230223e-02 1.22016668e-02 6.53557897e-01
2.42000000e+02 5.70883881e-03 5.62372431e-02 -9.98401105e-01 -7.87740374e+00 -6.24904893e-02 9.96486008e-01 5.57720512e-02 3.09374630e-01 9.98029232e-01 6.20721802e-02 9.20307077e-03 6.53451085e-01
2.43000000e+02 4.93402546e-03 5.48275746e-02 -9.98483658e-01 -7.91513395e+00 -6.33361638e-02 9.96508181e-01 5.44061214e-02 3.10932159e-01 9.97980058e-01 6.29716814e-02 8.38936493e-03 6.53062165e-01
2.45000000e+02 4.58449544e-03 5.35312369e-02 -9.98555660e-01 -7.99002934e+00 -6.87134936e-02 9.96222794e-01 5.30907027e-02 3.13224643e-01 9.97625887e-01 6.83708563e-02 8.24549701e-03 6.52095377e-01
2.47000000e+02 6.36220817e-03 4.92053628e-02 -9.98768389e-01 -8.06611061e+00 -7.10201114e-02 9.96288717e-01 4.86307926e-02 3.15796375e-01 9.97454584e-01 7.06232414e-02 9.83316638e-03 6.51338160e-01
2.49000000e+02 7.97264464e-03 4.62904759e-02 -9.98896182e-01 -8.14242077e+00 -7.10502937e-02 9.96429443e-01 4.56090793e-02 3.18202376e-01 9.97440875e-01 7.06082433e-02 1.12331305e-02 6.50874138e-01
2.51000000e+02 8.92727636e-03 5.07077128e-02 -9.98673618e-01 -8.22022152e+00 -6.77606985e-02 9.96448457e-01 4.99890074e-02 3.20282549e-01 9.97661650e-01 6.72245547e-02 1.23315612e-02 6.50537074e-01
2.52000000e+02 9.50238761e-03 4.73018922e-02 -9.98835444e-01 -8.25930023e+00 -6.27905801e-02 9.96937513e-01 4.66146581e-02 3.21323931e-01 9.97981489e-01 6.22745045e-02 1.24434000e-02 6.50820136e-01
2.54000000e+02 1.07756630e-02 4.46519628e-02 -9.98944461e-01 -8.33856297e+00 -6.59641400e-02 9.96858120e-01 4.38471474e-02 3.23974222e-01 9.97763813e-01 6.54220283e-02 1.36872353e-02 6.50245845e-01
2.55000000e+02 1.21894414e-02 4.84052710e-02 -9.98753369e-01 -8.37870216e+00 -6.71924353e-02 9.96609628e-01 4.74813096e-02 3.25267017e-01 9.97665584e-01 6.65298998e-02 1.54005820e-02 6.50138974e-01
2.56000000e+02 1.38079962e-02 4.76879105e-02 -9.98766840e-01 -8.41881371e+00 -6.47819191e-02 9.96806145e-01 4.66986820e-02 3.26610029e-01 9.97803926e-01 6.40572160e-02 1.68532096e-02 6.50412560e-01
2.57000000e+02 1.61096323e-02 4.84641083e-02 -9.98695016e-01 -8.45940781e+00 -6.34436384e-02 9.96861458e-01 4.73517403e-02 3.28301460e-01 9.97855365e-01 6.25980273e-02 1.91338100e-02 6.50628090e-01
2.58000000e+02 1.73024870e-02 5.36067337e-02 -9.98412192e-01 -8.50050163e+00 -6.42790645e-02 9.96555626e-01 5.23930937e-02 3.29509974e-01 9.97781932e-01 6.32704720e-02 2.06886828e-02 6.51101470e-01
2.59000000e+02 1.88478734e-02 5.73068969e-02 -9.98178661e-01 -8.54209423e+00 -6.15486130e-02 9.96529043e-01 5.60500138e-02 3.31165820e-01 9.97926116e-01 6.03800900e-02 2.23096143e-02 6.51651502e-01
2.60000000e+02 2.01685745e-02 5.76953888e-02 -9.98130500e-01 -8.58389854e+00 -6.08340614e-02 9.96554613e-01 5.63750602e-02 3.32951963e-01 9.97944117e-01 5.95833249e-02 2.36089304e-02 6.52208149e-01
2.61000000e+02 2.23736092e-02 5.84869161e-02 -9.98037398e-01 -8.62600040e+00 -6.41895905e-02 9.96311605e-01 5.69468029e-02 3.34764183e-01 9.97686863e-01 6.27895072e-02 2.60453373e-02 6.52437329e-01
2.63000000e+02 2.95550376e-02 6.06121980e-02 -9.97723758e-01 -8.71089172e+00 -6.88452870e-02 9.95912850e-01 5.84628172e-02 3.38426292e-01 9.97189462e-01 6.69607073e-02 3.36071067e-02 6.52974606e-01
2.64000000e+02 3.18026021e-02 5.80854490e-02 -9.97804940e-01 -8.75360107e+00 -7.20877275e-02 9.95843291e-01 5.56736328e-02 3.40276062e-01 9.96891141e-01 7.01589212e-02 3.58576551e-02 6.54015899e-01
2.65000000e+02 3.53942402e-02 5.52703403e-02 -9.97843921e-01 -8.79661465e+00 -7.16177970e-02 9.96042669e-01 5.26302345e-02 3.41981053e-01 9.96803939e-01 6.96005747e-02 3.92125100e-02 6.54636443e-01
2.66000000e+02 3.70827392e-02 5.44636510e-02 -9.97826934e-01 -8.83977509e+00 -7.09292516e-02 9.96138811e-01 5.17355315e-02 3.43562931e-01 9.96791780e-01 6.88566267e-02 4.08026204e-02 6.55808926e-01
2.67000000e+02 3.84926870e-02 5.66361994e-02 -9.97652590e-01 -8.88331413e+00 -7.12511912e-02 9.96006787e-01 5.37936650e-02 3.45244437e-01 9.96715367e-01 6.90132678e-02 4.23743725e-02 6.57059610e-01
2.68000000e+02 3.99707034e-02 6.00820594e-02 -9.97392833e-01 -8.92729473e+00 -7.27777258e-02 9.95714366e-01 5.70643656e-02 3.46837401e-01 9.96546924e-01 7.03070760e-02 4.41720374e-02 6.58235252e-01
2.69000000e+02 4.11922745e-02 5.96660003e-02 -9.97368097e-01 -8.97177410e+00 -7.26946741e-02 9.95748818e-01 5.65667674e-02 3.48681509e-01 9.96503234e-01 7.01732337e-02 4.53545600e-02 6.59746885e-01
2.70000000e+02 4.23214585e-02 5.71057238e-02 -9.97470737e-01 -9.01605415e+00 -7.15534016e-02 9.95974839e-01 5.39841577e-02 3.50370049e-01 9.96538520e-01 6.90877363e-02 4.62372154e-02 6.60984039e-01
2.72000000e+02 4.25016657e-02 5.31149320e-02 -9.97683525e-01 -9.10651112e+00 -6.58080205e-02 9.96566117e-01 5.02520017e-02 3.53507072e-01 9.96926725e-01 6.35197833e-02 4.58511077e-02 6.64190471e-01
2.74000000e+02 4.29599918e-02 5.16036265e-02 -9.97743189e-01 -9.19707489e+00 -6.62887990e-02 9.96611774e-01 4.86909002e-02 3.57072711e-01 9.96875226e-01 6.40474409e-02 4.62351739e-02 6.67480826e-01
2.75000000e+02 4.27780785e-02 5.26007712e-02 -9.97698963e-01 -9.24279881e+00 -6.84850514e-02 9.96418536e-01 4.95968536e-02 3.58698010e-01 9.96734560e-01 6.62058070e-02 4.62272391e-02 6.68720961e-01
2.77000000e+02 4.25546132e-02 5.61602302e-02 -9.97514486e-01 -9.33669186e+00 -7.00469539e-02 9.96129751e-01 5.30940220e-02 3.62425536e-01 9.96635616e-01 6.76134601e-02 4.63237688e-02 6.71037614e-01
2.78000000e+02 4.17750441e-02 5.76481409e-02 -9.97462571e-01 -9.38360882e+00 -7.13373795e-02 9.95958209e-01 5.45734912e-02 3.64618123e-01 9.96577024e-01 6.88765571e-02 4.57186662e-02 6.72644377e-01
2.80000000e+02 4.05037440e-02 5.80563024e-02 -9.97491300e-01 -9.47808266e+00 -7.52890930e-02 9.95649755e-01 5.48919626e-02 3.67886424e-01 9.96338785e-01 7.28768855e-02 4.46985513e-02 6.74799323e-01
2.81000000e+02 3.93493176e-02 5.33477403e-02 -9.97800410e-01 -9.52555752e+00 -7.36754313e-02 9.96010602e-01 5.03465794e-02 3.69756788e-01 9.96505678e-01 7.15322718e-02 4.31227572e-02 6.76191211e-01
2.83000000e+02 3.64540853e-02 4.26720306e-02 -9.98423874e-01 -9.62185574e+00 -6.58600032e-02 9.97018456e-01 4.02073115e-02 3.72880846e-01 9.97162759e-01 6.42904788e-02 3.91557738e-02 6.78792715e-01
2.84000000e+02 3.38451676e-02 4.29983512e-02 -9.98501718e-01 -9.67045212e+00 -5.93712777e-02 9.97396171e-01 4.09382991e-02 3.73854250e-01 9.97662067e-01 5.78967556e-02 3.63099054e-02 6.80558920e-01
2.85000000e+02 3.18291448e-02 4.68083285e-02 -9.98396635e-01 -9.71994495e+00 -5.49041592e-02 9.97476399e-01 4.50148247e-02 3.75191361e-01 9.97984171e-01 5.33833466e-02 3.43187936e-02 6.81740284e-01
2.86000000e+02 2.97462326e-02 4.88209687e-02 -9.98364508e-01 -9.76945210e+00 -5.28407767e-02 9.97486651e-01 4.72036526e-02 3.76901954e-01 9.98159826e-01 5.13502248e-02 3.22512090e-02 6.82857275e-01
2.87000000e+02 2.77874712e-02 4.83491980e-02 -9.98443902e-01 -9.81942654e+00 -5.12057543e-02 9.97587085e-01 4.68826145e-02 3.78371000e-01 9.98301446e-01 4.98233251e-02 3.01961806e-02 6.83647931e-01
2.88000000e+02 2.60574538e-02 4.90468778e-02 -9.98456538e-01 -9.86958981e+00 -5.12514673e-02 9.97547686e-01 4.76646833e-02 3.79989862e-01 9.98345792e-01 4.99303415e-02 2.85072774e-02 6.84227943e-01
2.89000000e+02 2.39051972e-02 5.06508797e-02 -9.98430312e-01 -9.92008877e+00 -5.04496507e-02 9.97504294e-01 4.93960008e-02 3.81570488e-01 9.98440444e-01 4.91896383e-02 2.64008567e-02 6.85014904e-01
2.91000000e+02 1.92274395e-02 4.93772104e-02 -9.98595119e-01 -1.00222168e+01 -4.89437282e-02 9.97628808e-01 4.83870432e-02 3.84584010e-01 9.98616457e-01 4.79446091e-02 2.15985533e-02 6.86184585e-01
2.92000000e+02 1.69043206e-02 4.86976430e-02 -9.98670518e-01 -1.00740805e+01 -4.87608314e-02 9.97664928e-01 4.78232428e-02 3.86507481e-01 9.98667419e-01 4.78875823e-02 1.92393865e-02 6.86458170e-01
2.94000000e+02 1.27593214e-02 5.01930974e-02 -9.98658001e-01 -1.01785860e+01 -5.00693507e-02 9.97518539e-01 4.94961180e-02 3.89764249e-01 9.98664260e-01 4.93706241e-02 1.52407959e-02 6.86430097e-01
2.96000000e+02 8.52415990e-03 5.29381298e-02 -9.98561382e-01 -1.02838926e+01 -5.30758239e-02 9.97214019e-01 5.24136201e-02 3.93473744e-01 9.98554111e-01 5.25526889e-02 1.13101462e-02 6.85701370e-01
2.98000000e+02 6.21819869e-03 5.41657731e-02 -9.98512566e-01 -1.03889742e+01 -5.77317737e-02 9.96885836e-01 5.37180081e-02 3.97248030e-01 9.98312771e-01 5.73118739e-02 9.32592060e-03 6.84956074e-01
3.00000000e+02 6.33133296e-03 5.31482026e-02 -9.98566568e-01 -1.04940872e+01 -5.72305769e-02 9.96969104e-01 5.27003109e-02 4.01013136e-01 9.98340905e-01 5.68148755e-02 9.35384538e-03 6.84559226e-01
3.02000000e+02 6.29743328e-03 5.17199226e-02 -9.98641789e-01 -1.05989561e+01 -5.32141700e-02 9.97263849e-01 5.13129905e-02 4.04507697e-01 9.98563290e-01 5.28187566e-02 9.03243572e-03 6.84305370e-01
3.04000000e+02 6.60388963e-03 5.24432622e-02 -9.98602092e-01 -1.07038393e+01 -5.22563383e-02 9.97277498e-01 5.20281196e-02 4.07599181e-01 9.98611867e-01 5.18397018e-02 9.32640303e-03 6.83809161e-01
3.06000000e+02 7.35212257e-03 5.38846403e-02 -9.98520076e-01 -1.08081970e+01 -4.92058545e-02 9.97356951e-01 5.34595661e-02 4.11105722e-01 9.98761594e-01 4.87399958e-02 9.98413004e-03 6.83246374e-01
3.08000000e+02 7.38117239e-03 5.94701208e-02 -9.98202801e-01 -1.09126625e+01 -4.14350778e-02 9.97390866e-01 5.91153577e-02 4.14825678e-01 9.99113917e-01 4.09242697e-02 9.82606318e-03 6.83210433e-01
3.09000000e+02 7.48148793e-03 6.17051721e-02 -9.98066366e-01 -1.09652061e+01 -3.98048759e-02 9.97321606e-01 6.13607503e-02 4.16986197e-01 9.99179482e-01 3.92688401e-02 9.91761591e-03 6.83373690e-01
3.11000000e+02 7.81469978e-03 5.89343458e-02 -9.98231292e-01 -1.10684528e+01 -4.27624434e-02 9.97368276e-01 5.85486256e-02 4.20740187e-01 9.99054730e-01 4.22292650e-02 1.03143100e-02 6.82191014e-01
3.13000000e+02 7.37489760e-03 6.81782961e-02 -9.97645915e-01 -1.11726952e+01 -5.39449751e-02 9.96247351e-01 6.76839426e-02 4.25010413e-01 9.98516679e-01 5.33188209e-02 1.10250991e-02 6.81141436e-01
3.16000000e+02 7.22895795e-03 5.55417873e-02 -9.98430192e-01 -1.13263302e+01 -5.44837862e-02 9.96995032e-01 5.50674722e-02 4.31820989e-01 9.98488486e-01 5.40001765e-02 1.02333622e-02 6.80281162e-01
3.18000000e+02 8.31454806e-03 5.57214096e-02 -9.98411715e-01 -1.14295473e+01 -4.54818644e-02 9.97434020e-01 5.52880801e-02 4.35825020e-01 9.98930573e-01 4.49499302e-02 1.08275265e-02 6.80686116e-01
3.19000000e+02 9.82441660e-03 5.74520156e-02 -9.98299956e-01 -1.14811506e+01 -4.47071604e-02 9.97375011e-01 5.69588169e-02 4.37782347e-01 9.98951852e-01 4.40715663e-02 1.23671442e-02 6.80646539e-01
3.21000000e+02 1.15221953e-02 6.13148399e-02 -9.98051941e-01 -1.15844898e+01 -4.69491072e-02 9.97050583e-01 6.07113093e-02 4.41734105e-01 9.98830855e-01 4.61581200e-02 1.43668884e-02 6.80623710e-01
3.23000000e+02 1.34448465e-02 6.17290772e-02 -9.98002410e-01 -1.16868725e+01 -4.76415232e-02 9.96998608e-01 6.10251762e-02 4.45831627e-01 9.98773992e-01 4.67258766e-02 1.63453612e-02 6.80312753e-01
3.24000000e+02 1.35346847e-02 6.01537712e-02 -9.98097360e-01 -1.17383289e+01 -4.78227101e-02 9.97085452e-01 5.94442822e-02 4.47948635e-01 9.98764157e-01 4.69271615e-02 1.63719542e-02 6.80531859e-01
3.26000000e+02 1.39268525e-02 5.89503199e-02 -9.98163760e-01 -1.18411112e+01 -4.83248755e-02 9.97133732e-01 5.82152382e-02 4.51908350e-01 9.98734593e-01 4.74253818e-02 1.67357009e-02 6.80741727e-01
3.28000000e+02 1.42537374e-02 5.87878376e-02 -9.98168707e-01 -1.19432650e+01 -4.91086841e-02 9.97106612e-01 5.80240153e-02 4.55997527e-01 9.98691738e-01 4.81916964e-02 1.70994885e-02 6.81187510e-01
3.30000000e+02 1.46370549e-02 5.70634641e-02 -9.98263240e-01 -1.20464153e+01 -4.85606864e-02 9.97232676e-01 5.62925339e-02 4.60231423e-01 9.98712957e-01 4.76523936e-02 1.73675902e-02 6.81324959e-01
3.32000000e+02 1.39988344e-02 5.21864071e-02 -9.98539209e-01 -1.21492805e+01 -4.92792428e-02 9.97459531e-01 5.14391176e-02 4.63513613e-01 9.98686910e-01 4.84871715e-02 1.65349785e-02 6.81626201e-01
3.34000000e+02 1.32738687e-02 5.08126132e-02 -9.98619974e-01 -1.22523203e+01 -5.36017530e-02 9.97308135e-01 5.00333756e-02 4.67044652e-01 9.98474181e-01 5.28636426e-02 1.59617811e-02 6.81579173e-01
3.36000000e+02 1.25801601e-02 5.30192591e-02 -9.98514235e-01 -1.23550072e+01 -6.07841760e-02 9.96787071e-01 5.21617383e-02 4.70699519e-01 9.98071671e-01 6.00376613e-02 1.57624725e-02 6.81322813e-01
3.40000000e+02 1.05832079e-02 4.82940264e-02 -9.98777092e-01 -1.25622835e+01 -5.67603670e-02 9.97251570e-01 4.76188213e-02 4.77567554e-01 9.98331726e-01 5.61869927e-02 1.32953078e-02 6.81363821e-01
3.42000000e+02 8.48556031e-03 5.14852144e-02 -9.98637676e-01 -1.26668606e+01 -5.34689762e-02 9.97268319e-01 5.09602837e-02 4.80370730e-01 9.98533428e-01 5.29637076e-02 1.12152426e-02 6.82255983e-01
3.45000000e+02 9.61789023e-03 4.91597690e-02 -9.98744607e-01 -1.28228579e+01 -5.57921827e-02 9.97261345e-01 4.85494845e-02 4.85538721e-01 9.98396099e-01 5.52552007e-02 1.23342806e-02 6.80528045e-01
3.47000000e+02 1.10059930e-02 4.99723144e-02 -9.98689950e-01 -1.29271965e+01 -5.14566377e-02 9.97455478e-01 4.93434705e-02 4.88364756e-01 9.98614609e-01 5.08461520e-02 1.35493949e-02 6.80479228e-01
3.49000000e+02 1.19765578e-02 5.12834266e-02 -9.98612344e-01 -1.30318594e+01 -4.60726805e-02 9.97651577e-01 5.06815314e-02 4.91702586e-01 9.98866320e-01 4.54017557e-02 1.43111972e-02 6.80605710e-01
3.50000000e+02 1.26555795e-02 5.04114181e-02 -9.98648345e-01 -1.30844765e+01 -4.48362790e-02 9.97752428e-01 4.97979969e-02 4.93832767e-01 9.98914182e-01 4.41454537e-02 1.48873953e-02 6.80637300e-01
3.52000000e+02 1.35585684e-02 5.15692607e-02 -9.98577356e-01 -1.31894608e+01 -4.68155146e-02 9.97606754e-01 5.08834757e-02 4.96635318e-01 9.98811543e-01 4.60590087e-02 1.59403607e-02 6.81178689e-01
3.53000000e+02 1.50814662e-02 5.35013936e-02 -9.98453856e-01 -1.32428293e+01 -4.97546941e-02 9.97370541e-01 5.26918098e-02 4.98431563e-01 9.98647571e-01 4.88830991e-02 1.77037567e-02 6.81129515e-01
3.55000000e+02 1.87240541e-02 5.51743507e-02 -9.98301148e-01 -1.33490009e+01 -5.40052988e-02 9.97074366e-01 5.40936291e-02 5.02127528e-01 9.98365104e-01 5.29007018e-02 2.16489825e-02 6.81512117e-01
3.57000000e+02 2.08478514e-02 6.16734698e-02 -9.97878611e-01 -1.34553242e+01 -5.90225533e-02 9.96430695e-01 6.03508689e-02 5.06166160e-01 9.98038948e-01 5.76391593e-02 2.44135652e-02 6.81944907e-01
3.59000000e+02 2.06900220e-02 6.64846599e-02 -9.97572899e-01 -1.35624437e+01 -6.55597746e-02 9.95729208e-01 6.50020540e-02 5.10649264e-01 9.97634113e-01 6.40557632e-02 2.49603782e-02 6.82806432e-01
3.61000000e+02 2.02466697e-02 6.88884929e-02 -9.97418880e-01 -1.36676693e+01 -7.52997920e-02 9.94894981e-01 6.71856552e-02 5.15525699e-01 9.96955395e-01 7.37451464e-02 2.53305994e-02 6.83475733e-01
3.63000000e+02 1.98197383e-02 5.61099648e-02 -9.98227835e-01 -1.37719841e+01 -7.59879947e-02 9.95620668e-01 5.44546805e-02 5.19855618e-01 9.96911705e-01 7.47740567e-02 2.39966251e-02 6.85087562e-01
3.65000000e+02 1.93351787e-02 5.83540536e-02 -9.98108685e-01 -1.38779879e+01 -7.60388970e-02 9.95489836e-01 5.67279309e-02 5.23973703e-01 9.96917367e-01 7.47982338e-02 2.36851517e-02 6.85581446e-01
3.66000000e+02 1.93280336e-02 5.83124161e-02 -9.98111248e-01 -1.39304533e+01 -7.73512945e-02 9.95392859e-01 5.66557199e-02 5.26419997e-01 9.96816516e-01 7.61101544e-02 2.37495266e-02 6.86265469e-01
3.68000000e+02 1.93682574e-02 6.38704970e-02 -9.97770250e-01 -1.40351162e+01 -7.62356222e-02 9.95146453e-01 6.22226894e-02 5.30471444e-01 9.96901691e-01 7.48604909e-02 2.41434593e-02 6.87062383e-01
3.69000000e+02 1.91044249e-02 6.53703138e-02 -9.97678161e-01 -1.40858221e+01 -7.57660344e-02 9.95085657e-01 6.37496114e-02 5.32587230e-01 9.96942580e-01 7.43722171e-02 2.39633899e-02 6.87502444e-01
3.70000000e+02 1.91206783e-02 6.61293864e-02 -9.97627854e-01 -1.41368866e+01 -7.66385868e-02 9.94971514e-01 6.44844398e-02 5.34713387e-01 9.96875584e-01 7.52237961e-02 2.40925923e-02 6.87977433e-01
3.72000000e+02 1.93820037e-02 6.21394403e-02 -9.97879267e-01 -1.42375126e+01 -8.03920776e-02 9.94931996e-01 6.03944361e-02 5.38965344e-01 9.96574879e-01 7.90510252e-02 2.42792945e-02 6.88271165e-01
3.73000000e+02 1.88255645e-02 6.24772422e-02 -9.97868836e-01 -1.42867174e+01 -8.11713338e-02 9.94846642e-01 6.07566647e-02 5.40751219e-01 9.96522367e-01 7.98545703e-02 2.37999111e-02 6.88908577e-01
3.75000000e+02 1.87354833e-02 6.74911439e-02 -9.97543931e-01 -1.43834410e+01 -7.92093724e-02 9.94683325e-01 6.58099204e-02 5.44654131e-01 9.96681929e-01 7.77818486e-02 2.39818040e-02 6.89567447e-01
3.77000000e+02 1.79284047e-02 7.30029568e-02 -9.97170568e-01 -1.44786215e+01 -7.65685365e-02 9.94502306e-01 7.14309663e-02 5.48887372e-01 9.96903121e-01 7.50712529e-02 2.34195702e-02 6.90401554e-01
3.78000000e+02 1.71670672e-02 7.46730566e-02 -9.97060299e-01 -1.45243015e+01 -7.73318708e-02 9.94319320e-01 7.31362998e-02 5.51419914e-01 9.96857584e-01 7.58490041e-02 2.28441525e-02 6.90810382e-01
3.80000000e+02 1.59916077e-02 5.86669371e-02 -9.98149514e-01 -1.46141205e+01 -7.79243708e-02 9.95314002e-01 5.72518334e-02 5.54773927e-01 9.96831000e-01 7.68646225e-02 2.04882566e-02 6.91066206e-01
3.81000000e+02 1.51905315e-02 4.74143289e-02 -9.98759806e-01 -1.46589756e+01 -7.95931742e-02 9.95762646e-01 4.60614786e-02 5.56624651e-01 9.96711671e-01 7.87947625e-02 1.89000200e-02 6.91171646e-01
