3.50000000e+01 9.96982813e-01 5.02582127e-03 7.74594396e-02 -1.14700444e-01 -5.06627792e-03 9.99987125e-01 3.25788948e-04 -1.87738072e-02 -7.74568021e-02 -7.17237068e-04 9.96995449e-01 1.16916090e-01
3.70000000e+01 9.91466522e-01 -1.51083875e-03 1.30352736e-01 -1.10269681e-01 1.66237971e-03 9.99998093e-01 -1.05374109e-03 -1.91287249e-02 -1.30350903e-01 1.26144476e-03 9.91467118e-01 1.60090804e-01
3.80000000e+01 9.88249958e-01 -5.80023788e-03 1.52736306e-01 -1.06553867e-01 6.12750696e-03 9.99979854e-01 -1.67208433e-03 -1.91841852e-02 -1.52723521e-01 2.58833007e-03 9.88265574e-01 1.82495549e-01
4.10000000e+01 9.78521049e-01 -1.92687735e-02 2.05244452e-01 -9.26759541e-02 1.98004954e-02 9.99803782e-01 -5.36956766e-04 -1.96414217e-02 -2.05193847e-01 4.58936533e-03 9.78710592e-01 2.50609517e-01
4.20000000e+01 9.75361288e-01 -2.16855165e-02 2.19545096e-01 -8.74967873e-02 2.21216790e-02 9.99755204e-01 4.71782580e-04 -1.98468361e-02 -2.19501585e-01 4.39654803e-03 9.75602210e-01 2.73694277e-01
4.30000000e+01 9.72400069e-01 -2.21175533e-02 2.32268959e-01 -8.18507448e-02 2.23235134e-02 9.99749303e-01 1.74203888e-03 -1.99150946e-02 -2.32249245e-01 3.49110039e-03 9.72650051e-01 2.96695948e-01
4.40000000e+01 9.69518483e-01 -2.21206006e-02 2.44017601e-01 -7.58575052e-02 2.23255940e-02 9.99748886e-01 1.92596985e-03 -2.02458110e-02 -2.43998930e-01 3.58057441e-03 9.69768882e-01 3.19844514e-01
4.50000000e+01 9.66695070e-01 -2.17488613e-02 2.55005091e-01 -6.96840510e-02 2.26876605e-02 9.99742329e-01 -7.40350282e-04 -2.04117671e-02 -2.54923284e-01 6.50116196e-03 9.66939449e-01 3.43257576e-01
4.60000000e+01 9.64058459e-01 -2.12890394e-02 2.64835894e-01 -6.31944463e-02 2.31291223e-02 9.99725163e-01 -3.83119378e-03 -2.05928423e-02 -2.64681548e-01 9.81891714e-03 9.64285910e-01 3.66789341e-01
4.80000000e+01 9.59356070e-01 -2.11569443e-02 2.81404108e-01 -4.91492748e-02 2.41982993e-02 9.99680281e-01 -7.33679812e-03 -2.08682381e-02 -2.81158924e-01 1.38481027e-02 9.59561288e-01 4.15565372e-01
5.00000000e+01 9.56160843e-01 -2.15614494e-02 2.92047203e-01 -3.42282057e-02 2.53524482e-02 9.99636233e-01 -9.20197461e-03 -2.14403085e-02 -2.91742563e-01 1.62026789e-02 9.56359625e-01 4.65649903e-01
5.10000000e+01 9.54896092e-01 -1.99372135e-02 2.96270102e-01 -2.62279361e-02 2.42610257e-02 9.99645948e-01 -1.09245032e-02 -2.18259711e-02 -2.95947403e-01 1.76195819e-02 9.55041707e-01 4.91286874e-01
5.30000000e+01 9.52768326e-01 -2.03980785e-02 3.03012192e-01 -9.86698270e-03 2.48405654e-02 9.99632955e-01 -1.08137997e-02 -2.24936157e-02 -3.02680373e-01 1.78300403e-02 9.52925324e-01 5.43518484e-01
5.50000000e+01 9.51346099e-01 -2.18714047e-02 3.07347119e-01 7.83586502e-03 2.54098009e-02 9.99648869e-01 -7.51524419e-03 -2.32202187e-02 -3.07074845e-01 1.49592273e-02 9.51567769e-01 5.97931921e-01
5.70000000e+01 9.50312674e-01 -2.42535956e-02 3.10350686e-01 2.60167569e-02 2.80622784e-02 9.99575675e-01 -7.81256612e-03 -2.37292796e-02 -3.10029507e-01 1.61335282e-02 9.50590014e-01 6.53831661e-01
5.90000000e+01 9.50028121e-01 -2.50905138e-02 3.11154336e-01 4.49465513e-02 2.94304658e-02 9.99523938e-01 -9.25971940e-03 -2.42885817e-02 -3.10773879e-01 1.79544110e-02 9.50314283e-01 7.11316764e-01
6.10000000e+01 9.50592041e-01 -2.57032327e-02 3.09376895e-01 6.41779751e-02 3.04977931e-02 9.99477863e-01 -1.06703127e-02 -2.51451842e-02 -3.08941126e-01 1.95784271e-02 9.50879633e-01 7.70137906e-01
6.30000000e+01 9.51361656e-01 -2.59979907e-02 3.06977332e-01 8.36724490e-02 3.07050645e-02 9.99473214e-01 -1.05132442e-02 -2.60051005e-02 -3.06542277e-01 1.94276571e-02 9.51658785e-01 8.30517173e-01
6.50000000e+01 9.52016115e-01 -2.68254038e-02 3.04869920e-01 1.03765175e-01 3.19898389e-02 9.99416709e-01 -1.19562037e-02 -2.68198662e-02 -3.04371357e-01 2.11352389e-02 9.52318966e-01 8.92790675e-01
6.70000000e+01 9.52464938e-01 -2.75904592e-02 3.03396225e-01 1.23586461e-01 3.22963558e-02 9.99423146e-01 -1.05031030e-02 -2.73691118e-02 -3.02931428e-01 1.98024306e-02 9.52806592e-01 9.56193149e-01
6.90000000e+01 9.52626348e-01 -3.17555256e-02 3.02480698e-01 1.44003034e-01 3.62208672e-02 9.99301791e-01 -9.16289911e-03 -2.83993967e-02 -3.01978528e-01 1.96849331e-02 9.53111470e-01 1.02092576e+00
7.10000000e+01 9.53156292e-01 -3.17387767e-02 3.00808549e-01 1.64793089e-01 3.65567543e-02 9.99277472e-01 -1.04001574e-02 -2.95635313e-02 -3.00261110e-01 2.09095590e-02 9.53627825e-01 1.08598089e+00
7.30000000e+01 9.53127146e-01 -3.29846106e-02 3.00766855e-01 1.85372770e-01 3.74220610e-02 9.99258995e-01 -9.00302548e-03 -3.08516789e-02 -3.00247014e-01 1.98363438e-02 9.53655183e-01 1.15258110e+00
7.60000000e+01 9.53257799e-01 -3.42040993e-02 3.00215960e-01 2.18249425e-01 3.91024798e-02 9.99181926e-01 -1.03213321e-02 -3.17405351e-02 -2.99617320e-01 2.15780791e-02 9.53815401e-01 1.25518286e+00
7.80000000e+01 9.52730954e-01 -3.30199637e-02 3.02015543e-01 2.39760876e-01 3.84387113e-02 9.99188721e-01 -1.20145380e-02 -3.29686329e-02 -3.01373810e-01 2.30557118e-02 9.53227282e-01 1.32447386e+00
8.00000000e+01 9.52070057e-01 -3.08292937e-02 3.04322541e-01 2.61848509e-01 3.61932628e-02 9.99272764e-01 -1.19992681e-02 -3.41352001e-02 -3.03731292e-01 2.24385690e-02 9.52493489e-01 1.39465773e+00
8.20000000e+01 9.51762676e-01 -2.82699112e-02 3.05530041e-01 2.84740627e-01 3.32752988e-02 9.99383628e-01 -1.11861378e-02 -3.52390930e-02 -3.05025488e-01 2.08131522e-02 9.52116728e-01 1.46617508e+00
8.40000000e+01 9.50499475e-01 -2.67169066e-02 3.09575468e-01 3.08001429e-01 3.23167704e-02 9.99393463e-01 -1.29738050e-02 -3.65314335e-02 -3.09041083e-01 2.23360732e-02 9.50786352e-01 1.53884494e+00
8.60000000e+01 9.47719753e-01 -2.54753046e-02 3.18085402e-01 3.32352996e-01 3.11441571e-02 9.99433577e-01 -1.27483290e-02 -3.80859487e-02 -3.17580462e-01 2.19883453e-02 9.47976351e-01 1.61285830e+00
8.80000000e+01 9.44752336e-01 -2.31129695e-02 3.26969087e-01 3.57076287e-01 2.88337171e-02 9.99504030e-01 -1.26593485e-02 -3.98512930e-02 -3.26514333e-01 2.13876832e-02 9.44950223e-01 1.68665254e+00
9.00000000e+01 9.41539288e-01 -2.22207755e-02 3.36169571e-01 3.83370399e-01 2.93638911e-02 9.99437809e-01 -1.61792599e-02 -4.13911454e-02 -3.35621059e-01 2.51046568e-02 9.41662490e-01 1.76216698e+00
9.20000000e+01 9.38378453e-01 -1.99391134e-02 3.45033765e-01 4.10750777e-01 2.70302240e-02 9.99510467e-01 -1.57527383e-02 -4.35182527e-02 -3.44550788e-01 2.41083708e-02 9.38458085e-01 1.83780789e+00
9.40000000e+01 9.34354067e-01 -1.69262253e-02 3.55943739e-01 4.38445866e-01 2.38543656e-02 9.99601662e-01 -1.50836827e-02 -4.50384691e-02 -3.55546653e-01 2.25843117e-02 9.34385657e-01 1.91368163e+00
9.70000000e+01 9.28099096e-01 -1.60936359e-02 3.71985346e-01 4.82720912e-01 2.39205714e-02 9.99578774e-01 -1.64356045e-02 -4.79779877e-02 -3.71564150e-01 2.41519716e-02 9.28093076e-01 2.02875781e+00
9.90000000e+01 9.23454702e-01 -1.59280244e-02 3.83376777e-01 5.13650894e-01 2.42028069e-02 9.99566436e-01 -1.67696066e-02 -4.97043766e-02 -3.82943451e-01 2.47647669e-02 9.23439801e-01 2.10630441e+00
1.03000000e+02 9.15306091e-01 -1.77736506e-02 4.02366608e-01 5.78485310e-01 2.70550363e-02 9.99482572e-01 -1.73950456e-02 -5.30485250e-02 -4.01849240e-01 2.68078335e-02 9.15313363e-01 2.26139379e+00
1.04000000e+02 9.14341152e-01 -1.79717001e-02 4.04545784e-01 5.95857501e-01 2.76117176e-02 9.99456525e-01 -1.80068519e-02 -5.38973734e-02 -4.04002309e-01 2.76346095e-02 9.14340436e-01 2.29927754e+00
1.07000000e+02 9.10661638e-01 -1.53362332e-02 4.12868291e-01 6.47624910e-01 2.60797702e-02 9.99451697e-01 -2.03988105e-02 -5.67581877e-02 -4.12329078e-01 2.93439236e-02 9.10562277e-01 2.41474080e+00
1.08000000e+02 9.08161938e-01 -1.24990717e-02 4.18432385e-01 6.64879799e-01 2.37611160e-02 9.99481797e-01 -2.17152070e-02 -5.72789051e-02 -4.17944133e-01 2.96633448e-02 9.07988310e-01 2.45464253e+00
1.11000000e+02 9.02979612e-01 -1.24106258e-02 4.29504156e-01 7.12788582e-01 2.39233579e-02 9.99484420e-01 -2.14155745e-02 -6.07860312e-02 -4.29016918e-01 2.96130087e-02 9.02810931e-01 2.55291986e+00
1.13000000e+02 8.98264825e-01 -1.26249688e-02 4.39273119e-01 7.42885113e-01 2.36583594e-02 9.99526918e-01 -1.96517296e-02 -6.41901791e-02 -4.38817203e-01 2.80449390e-02 8.98138583e-01 2.62044120e+00
1.15000000e+02 8.94359052e-01 -1.34384977e-02 4.47147906e-01 7.75080979e-01 2.50590723e-02 9.99484241e-01 -2.00833827e-02 -6.57040700e-02 -4.46647376e-01 2.91668680e-02 8.94234538e-01 2.68700099e+00
1.18000000e+02 8.89651299e-01 -1.30498437e-02 4.56453979e-01 8.26140404e-01 2.66366862e-02 9.99372542e-01 -2.33445391e-02 -6.91797808e-02 -4.55862939e-01 3.29269208e-02 8.89440715e-01 2.78678083e+00
1.21000000e+02 8.84006321e-01 -1.25885084e-02 4.67305362e-01 8.76396775e-01 2.66875103e-02 9.99366045e-01 -2.35636067e-02 -7.31285289e-02 -4.66712505e-01 3.33015956e-02 8.83781910e-01 2.88731909e+00
1.23000000e+02 8.80622625e-01 -1.59434993e-02 4.73549992e-01 9.12859321e-01 3.06902137e-02 9.99254286e-01 -2.34291777e-02 -7.51415715e-02 -4.72823322e-01 3.51656154e-02 8.80455256e-01 2.95515156e+00
1.26000000e+02 8.76562357e-01 -1.51573885e-02 4.81049538e-01 9.67984974e-01 2.99765430e-02 9.99282777e-01 -2.31364798e-02 -7.85216987e-02 -4.80353832e-01 3.47007699e-02 8.76388073e-01 3.05692673e+00
1.29000000e+02 8.71806204e-01 -1.00001171e-02 4.89748895e-01 1.02430081e+00 2.76007764e-02 9.99206066e-01 -2.87297219e-02 -8.22329074e-02 -4.89072770e-01 3.85641977e-02 8.71390045e-01 3.15908718e+00
1.30000000e+02 8.69996667e-01 -7.79644260e-03 4.92995918e-01 1.04298854e+00 2.59584580e-02 9.99212563e-01 -3.00072860e-02 -8.35344791e-02 -4.92373765e-01 3.89036536e-02 8.69513988e-01 3.19289207e+00
1.32000000e+02 8.66008818e-01 -8.95696972e-03 4.99948442e-01 1.08096063e+00 2.69005001e-02 9.99226153e-01 -2.86950227e-02 -8.68337229e-02 -4.99304563e-01 3.82990055e-02 8.65579665e-01 3.26030326e+00
1.33000000e+02 8.64117026e-01 -8.77736695e-03 5.03214359e-01 1.10063827e+00 2.64276583e-02 9.99259889e-01 -2.79517416e-02 -8.81523043e-02 -5.02596557e-01 3.74523550e-02 8.63709450e-01 3.29402590e+00
1.35000000e+02 8.59911859e-01 -7.96567369e-03 5.10380447e-01 1.13978386e+00 2.58641224e-02 9.99273777e-01 -2.79810410e-02 -9.09764916e-02 -5.09786904e-01 3.72617692e-02 8.59493375e-01 3.36136699e+00
1.36000000e+02 8.57827783e-01 -6.82722405e-03 5.13891876e-01 1.15948153e+00 2.52153724e-02 9.99266624e-01 -2.88158469e-02 -9.24810842e-02 -5.13318300e-01 3.76770087e-02 8.57370853e-01 3.39489293e+00
1.38000000e+02 8.54435980e-01 -7.09377183e-03 5.19508302e-01 1.19980693e+00 2.63281614e-02 9.99213338e-01 -2.96579227e-02 -9.54980403e-02 -5.18889189e-01 3.90184931e-02 8.53950560e-01 3.46211886e+00
1.40000000e+02 8.51599872e-01 -9.99368541e-03 5.24097085e-01 1.24055326e+00 2.89305784e-02 9.99190390e-01 -2.79560462e-02 -9.83828381e-02 -5.23393393e-01 3.89697999e-02 8.51199567e-01 3.52836180e+00
1.42000000e+02 8.48725855e-01 -1.01623340e-02 5.28735399e-01 1.28194559e+00 3.00534144e-02 9.99126375e-01 -2.90384479e-02 -1.01232603e-01 -5.27978361e-01 4.05359864e-02 8.48289847e-01 3.59519982e+00
1.44000000e+02 8.45540404e-01 -8.56487453e-03 5.33842802e-01 1.32320452e+00 2.94694770e-02 9.99095738e-01 -3.06466687e-02 -1.04430586e-01 -5.33097565e-01 4.16450649e-02 8.45028222e-01 3.66146159e+00
1.46000000e+02 8.42431784e-01 -5.07872924e-03 5.38779080e-01 1.36525583e+00 2.69736536e-02 9.99099255e-01 -3.27579640e-02 -1.07379004e-01 -5.38127422e-01 4.21291925e-02 8.41809928e-01 3.72868323e+00
1.48000000e+02 8.38839471e-01 -7.20085995e-03 5.44331253e-01 1.40683961e+00 2.94346996e-02 9.99049723e-01 -3.21439728e-02 -1.10672787e-01 -5.43582559e-01 4.29858603e-02 8.38254273e-01 3.79436445e+00
1.50000000e+02 8.35573018e-01 -7.70682935e-03 5.49325347e-01 1.45031571e+00 2.95380205e-02 9.99085546e-01 -3.09131779e-02 -1.13765985e-01 -5.48584759e-01 4.20561992e-02 8.35036576e-01 3.86108971e+00
1.52000000e+02 8.31790864e-01 -4.92194435e-03 5.55067301e-01 1.49367881e+00 2.69784555e-02 9.99137402e-01 -3.15686688e-02 -1.16945416e-01 -5.54433107e-01 4.12333906e-02 8.31206203e-01 3.92669630e+00
1.54000000e+02 8.27599049e-01 -3.88673227e-03 5.61306238e-01 1.53727210e+00 2.61689667e-02 9.99155879e-01 -3.16653550e-02 -1.20187782e-01 -5.60709357e-01 4.08950225e-02 8.27002168e-01 3.99199533e+00
1.56000000e+02 8.22813988e-01 -2.54714675e-03 5.68305135e-01 1.58158684e+00 2.47496162e-02 9.99201834e-01 -3.13550159e-02 -1.23260908e-01 -5.67771673e-01 3.98646779e-02 8.22220266e-01 4.05734634e+00
1.58000000e+02 8.18132341e-01 -1.79828960e-03 5.75027168e-01 1.62668061e+00 2.46303994e-02 9.99186933e-01 -3.19186635e-02 -1.27007842e-01 -5.74502289e-01 4.02768403e-02 8.17511439e-01 4.12224293e+00
1.60000000e+02 8.13750803e-01 -1.78487750e-03 5.81211150e-01 1.67257905e+00 2.53192764e-02 9.99154866e-01 -3.23810242e-02 -1.30164087e-01 -5.80662131e-01 4.10659313e-02 8.13108265e-01 4.18660307e+00
1.62000000e+02 8.08061540e-01 -5.90330339e-04 5.89097798e-01 1.71650088e+00 2.49734130e-02 9.99134839e-01 -3.32546383e-02 -1.33242428e-01 -5.88568509e-01 4.15835753e-02 8.07377160e-01 4.25146914e+00
1.64000000e+02 8.03990245e-01 -1.59710587e-03 5.94640374e-01 1.76359129e+00 2.71819476e-02 9.99049783e-01 -3.40683758e-02 -1.36711478e-01 -5.94020903e-01 4.35541272e-02 8.03269684e-01 4.31501436e+00
1.66000000e+02 7.98967302e-01 -3.22769210e-03 6.01365805e-01 1.81003928e+00 3.10931187e-02 9.98869836e-01 -3.59487347e-02 -1.39320076e-01 -6.00570142e-01 4.74202037e-02 7.98164666e-01 4.38019323e+00
1.68000000e+02 7.95020103e-01 -4.18648403e-03 6.06568635e-01 1.85703874e+00 3.48703563e-02 9.98637915e-01 -3.88115235e-02 -1.42870128e-01 -6.05579972e-01 5.20072058e-02 7.94083238e-01 4.44350290e+00
1.70000000e+02 7.90921986e-01 -4.73680068e-03 6.11898720e-01 1.90606499e+00 3.69788706e-02 9.98512447e-01 -4.00681496e-02 -1.46310464e-01 -6.10798657e-01 5.43181039e-02 7.89920568e-01 4.50763941e+00
1.72000000e+02 7.86492825e-01 -4.14792215e-03 6.17585480e-01 1.95613098e+00 3.73144373e-02 9.98469770e-01 -4.08137217e-02 -1.50106445e-01 -6.16471112e-01 5.51445559e-02 7.85444081e-01 4.57183504e+00
1.74000000e+02 7.82436490e-01 -1.19782053e-03 6.22729242e-01 2.00720882e+00 3.50353234e-02 9.98498917e-01 -4.20999900e-02 -1.54063553e-01 -6.21744037e-01 5.47580868e-02 7.81304002e-01 4.63663340e+00
1.76000000e+02 7.79270411e-01 -4.74230805e-03 6.26669884e-01 2.05839872e+00 3.90423089e-02 9.98396277e-01 -4.09941711e-02 -1.57840207e-01 -6.25470519e-01 5.64121827e-02 7.78205812e-01 4.70092344e+00
1.78000000e+02 7.76407897e-01 -5.93127823e-03 6.30202830e-01 2.11047602e+00 4.01707254e-02 9.98388112e-01 -4.00936790e-02 -1.61835045e-01 -6.28949225e-01 5.64447530e-02 7.75394678e-01 4.76583529e+00
1.80000000e+02 7.71929204e-01 -7.19894422e-03 6.35667741e-01 2.16109467e+00 4.16422188e-02 9.98360872e-01 -3.92621756e-02 -1.65104434e-01 -6.34343147e-01 5.67782335e-02 7.70963669e-01 4.83107328e+00
1.82000000e+02 7.66873777e-01 -6.55803364e-03 6.41764462e-01 2.20936203e+00 4.21361513e-02 9.98304844e-01 -4.01489884e-02 -1.68279126e-01 -6.40413284e-01 5.78306913e-02 7.65850186e-01 4.89584875e+00
1.84000000e+02 7.63839185e-01 -5.99508081e-03 6.45378768e-01 2.26574564e+00 4.32999693e-02 9.98179913e-01 -4.19754200e-02 -1.73506141e-01 -6.43952489e-01 6.00073524e-02 7.62708545e-01 4.96156216e+00
1.86000000e+02 7.54620016e-01 -7.45255209e-04 6.56161666e-01 2.31722689e+00 3.61675806e-02 9.98526335e-01 -4.04604897e-02 -1.75879553e-01 -6.55164540e-01 5.42640761e-02 7.53534913e-01 5.02782059e+00
1.88000000e+02 7.47707784e-01 -6.85052015e-04 6.64027572e-01 2.37522173e+00 3.60012501e-02 9.98570502e-01 -3.95079143e-02 -1.79929182e-01 -6.63051248e-01 5.34461960e-02 7.46663570e-01 5.09425497e+00
1.90000000e+02 7.41867423e-01 -3.28261033e-03 6.70538545e-01 2.43416619e+00 4.02174629e-02 9.98405635e-01 -3.96079347e-02 -1.84046060e-01 -6.69339418e-01 5.63511960e-02 7.40816593e-01 5.16010761e+00
1.91000000e+02 7.39001751e-01 -4.02070442e-03 6.73691511e-01 2.46389484e+00 4.11666408e-02 9.98383045e-01 -3.91989723e-02 -1.85969666e-01 -6.72444582e-01 5.67017272e-02 7.37972319e-01 5.19332314e+00
1.92000000e+02 7.35537648e-01 -5.14655048e-03 6.77464306e-01 2.49380779e+00 4.11228575e-02 9.98466432e-01 -3.70628424e-02 -1.88184559e-01 -6.76234603e-01 5.51203825e-02 7.34621346e-01 5.22601986e+00
1.93000000e+02 7.32319295e-01 -4.33816668e-03 6.80947542e-01 2.52361536e+00 3.91715690e-02 9.98592257e-01 -3.57649252e-02 -1.90182239e-01 -6.79833770e-01 5.28651327e-02 7.31458306e-01 5.25849247e+00
1.94000000e+02 7.28968322e-01 -3.67699866e-03 6.84537530e-01 2.55327225e+00 3.86638306e-02 9.98610437e-01 -3.58093120e-02 -1.92138880e-01 -6.83454633e-01 5.25707006e-02 7.28097558e-01 5.29076719e+00
1.95000000e+02 7.25651205e-01 -4.45387373e-03 6.88048303e-01 2.58368373e+00 3.93729247e-02 9.98609304e-01 -3.50605175e-02 -1.94253147e-01 -6.86935306e-01 5.25321849e-02 7.24817395e-01 5.32304239e+00
1.97000000e+02 7.19157755e-01 -6.86764624e-03 6.94812894e-01 2.64623356e+00 4.15520184e-02 9.98586655e-01 -3.31377238e-02 -1.98231936e-01 -6.93603337e-01 5.27021289e-02 7.18426704e-01 5.38814640e+00
1.98000000e+02 7.16540277e-01 -6.35171030e-03 6.97516799e-01 2.67792177e+00 4.11216617e-02 9.98604059e-01 -3.31497155e-02 -2.00125799e-01 -6.96332574e-01 5.24361581e-02 7.15801239e-01 5.42104769e+00
1.99000000e+02 7.14052558e-01 -7.10228132e-03 7.00056076e-01 2.71056318e+00 4.10629883e-02 9.98651922e-01 -3.17523517e-02 -2.02190369e-01 -6.98886812e-01 5.14192395e-02 7.13381588e-01 5.45434713e+00
2.00000000e+02 7.12273479e-01 -8.23274534e-03 7.01853752e-01 2.74356937e+00 4.17610891e-02 9.98656869e-01 -3.06668300e-02 -2.04161614e-01 -7.00658619e-01 5.11533469e-02 7.11660624e-01 5.48759699e+00
2.01000000e+02 7.10292518e-01 -6.10195100e-03 7.03880131e-01 2.77711439e+00 3.95971686e-02 9.98725355e-01 -3.12999301e-02 -2.06069112e-01 -7.02791989e-01 5.01037687e-02 7.09628820e-01 5.52149391e+00
2.02000000e+02 7.08080411e-01 -2.46232213e-03 7.06127524e-01 2.81084394e+00 3.62962224e-02 9.98798907e-01 -3.29137109e-02 -2.08073080e-01 -7.05198407e-01 4.89353165e-02 7.07319319e-01 5.55552340e+00
2.04000000e+02 7.03952372e-01 1.00440485e-03 7.10246503e-01 2.87755203e+00 3.17588076e-02 9.98954237e-01 -3.28900479e-02 -2.11822212e-01 -7.09536791e-01 4.57096100e-02 7.03184307e-01 5.62195110e+00
2.05000000e+02 7.01626241e-01 -6.67204149e-04 7.12544858e-01 2.91076374e+00 3.28723900e-02 9.98965144e-01 -3.14332731e-02 -2.13659018e-01 -7.11786509e-01 4.54774611e-02 7.00922072e-01 5.65466309e+00
2.07000000e+02 6.96861684e-01 1.69983727e-03 7.17203498e-01 2.97671342e+00 3.12677808e-02 9.98974383e-01 -3.27486023e-02 -2.17179894e-01 -7.16523588e-01 4.52466086e-02 6.96093857e-01 5.71984816e+00
2.09000000e+02 6.91373110e-01 4.59788953e-06 7.22497940e-01 3.04060745e+00 2.86325458e-02 9.99214232e-01 -2.74054278e-02 -2.21094489e-01 -7.21930385e-01 3.96343321e-02 6.90829694e-01 5.78217602e+00
2.11000000e+02 6.86400831e-01 -1.18689597e-04 7.27223396e-01 3.10452223e+00 2.88890935e-02 9.99215066e-01 -2.71043275e-02 -2.24447891e-01 -7.26649404e-01 3.96132581e-02 6.85865462e-01 5.84327364e+00
2.12000000e+02 6.84106290e-01 -9.91403358e-04 7.29381621e-01 3.13720536e+00 2.98680663e-02 9.99198377e-01 -2.66558994e-02 -2.26091594e-01 -7.28770494e-01 4.00206894e-02 6.83587492e-01 5.87417936e+00
2.13000000e+02 6.81699753e-01 -1.00316992e-03 7.31631398e-01 3.16936183e+00 2.91813724e-02 9.99240577e-01 -2.58197300e-02 -2.27768481e-01 -7.31049895e-01 3.89513113e-02 6.81211352e-01 5.90432692e+00
2.14000000e+02 6.79052114e-01 1.75882049e-03 7.34087944e-01 3.20091844e+00 2.56379936e-02 9.99330223e-01 -2.61101890e-02 -2.29448795e-01 -7.33642220e-01 3.65507193e-02 6.78552210e-01 5.93430281e+00
2.16000000e+02 6.73536599e-01 2.27367636e-02 7.38804102e-01 3.26472664e+00 8.68568104e-03 9.99214292e-01 -3.86692844e-02 -2.33191282e-01 -7.39102840e-01 3.24621946e-02 6.72809958e-01 5.99416065e+00
2.18000000e+02 6.70796454e-01 1.13017997e-02 7.41555393e-01 3.32757044e+00 2.60127895e-02 9.98910129e-01 -3.87547165e-02 -2.38248080e-01 -7.41185188e-01 4.52864505e-02 6.69771314e-01 6.05192375e+00
2.20000000e+02 6.66966915e-01 1.54999876e-03 7.45085716e-01 3.38989878e+00 1.91376302e-02 9.99632299e-01 -1.92106701e-02 -2.41241336e-01 -7.44841516e-01 2.70720571e-02 6.66692019e-01 6.10675907e+00
2.22000000e+02 6.62178874e-01 3.32464441e-03 7.49338388e-01 3.45144176e+00 1.31054064e-02 9.99785841e-01 -1.60168689e-02 -2.43317455e-01 -7.49231160e-01 2.04264168e-02 6.61993504e-01 6.16084146e+00
2.24000000e+02 6.58827364e-01 1.54611573e-03 7.52292573e-01 3.51020479e+00 2.32985262e-02 9.99476254e-01 -2.24580336e-02 -2.45955378e-01 -7.51933336e-01 3.23232748e-02 6.58446252e-01 6.21246719e+00
2.26000000e+02 6.54477179e-01 3.68198077e-03 7.56072760e-01 3.57107449e+00 2.39492971e-02 9.99385417e-01 -2.55980473e-02 -2.48599395e-01 -7.55702317e-01 3.48607525e-02 6.53986752e-01 6.26440859e+00
2.28000000e+02 6.49916112e-01 1.91175845e-03 7.60003567e-01 3.63384700e+00 2.43016146e-02 9.99433219e-01 -2.32955292e-02 -2.51143515e-01 -7.59617329e-01 3.36094536e-02 6.49501264e-01 6.31775141e+00
2.30000000e+02 6.43951118e-01 3.83691979e-03 7.65057027e-01 3.67186141e+00 2.24377159e-02 9.99462545e-01 -2.38984153e-02 -2.52848685e-01 -7.64737546e-01 3.25555429e-02 6.43518925e-01 6.35128307e+00
2.32000000e+02 6.36003017e-01 5.25845028e-03 7.71668613e-01 3.69606566e+00 2.12128125e-02 9.99479771e-01 -2.42942721e-02 -2.52648294e-01 -7.71394908e-01 3.18204910e-02 6.35560632e-01 6.37810469e+00
2.34000000e+02 6.25663698e-01 7.26546685e-04 7.80092537e-01 3.71437693e+00 2.39169765e-02 9.99511600e-01 -2.01132223e-02 -2.52529383e-01 -7.79726148e-01 3.12415678e-02 6.25340760e-01 6.39851189e+00
2.36000000e+02 6.17618680e-01 9.59625933e-03 7.86419153e-01 3.74208784e+00 1.69441793e-02 9.99531090e-01 -2.55039595e-02 -2.53091335e-01 -7.86295116e-01 2.90769488e-02 6.17166519e-01 6.42390823e+00
2.38000000e+02 6.05749071e-01 1.61721781e-02 7.95491338e-01 3.75513268e+00 1.05383154e-02 9.99542654e-01 -2.83451956e-02 -2.52439976e-01 -7.95585930e-01 2.55532153e-02 6.05301619e-01 6.44092846e+00
2.40000000e+02 5.90722024e-01 2.67646108e-02 8.06431115e-01 3.76372409e+00 -1.10071371e-04 9.99452353e-01 -3.30901593e-02 -2.51629800e-01 -8.06875110e-01 1.94583200e-02 5.90401471e-01 6.45748186e+00
2.42000000e+02 5.73809981e-01 2.94740424e-02 8.18457901e-01 3.77088213e+00 -9.67643165e-04 9.99375939e-01 -3.53108011e-02 -2.50211716e-01 -8.18987906e-01 1.94697157e-02 5.73480427e-01 6.47356939e+00
2.44000000e+02 5.60235262e-01 2.06996575e-02 8.28074813e-01 3.77642107e+00 5.89104602e-03 9.99562860e-01 -2.89719962e-02 -2.49362022e-01 -8.28312576e-01 2.11093612e-02 5.59868455e-01 6.48710537e+00
2.46000000e+02 5.59193611e-01 1.66572053e-02 8.28869700e-01 3.78184032e+00 6.13862788e-03 9.99687552e-01 -2.42314115e-02 -2.50944048e-01 -8.29014361e-01 1.86381731e-02 5.58916628e-01 6.49369526e+00
2.48000000e+02 5.49419284e-01 2.90213823e-02 8.35042655e-01 3.78732061e+00 -6.18972722e-03 9.99510586e-01 -3.06648090e-02 -2.51587510e-01 -8.35523844e-01 1.16791520e-02 5.49330056e-01 6.50491762e+00
2.50000000e+02 5.48179448e-01 2.82156803e-02 8.35884690e-01 3.79287815e+00 -5.65462140e-03 9.99532938e-01 -3.00313625e-02 -2.52477884e-01 -8.36341619e-01 1.17359636e-02 5.48082948e-01 6.51317263e+00
2.52000000e+02 5.54075122e-01 3.23250145e-02 8.31838846e-01 3.79557133e+00 -8.04923661e-03 9.99407113e-01 -3.34751979e-02 -2.52321929e-01 -8.32427740e-01 1.18521051e-02 5.54006815e-01 6.51435757e+00
2.56000000e+02 5.45063794e-01 4.57237326e-02 8.37146819e-01 3.80367112e+00 -3.11778672e-02 9.98926520e-01 -3.42600830e-02 -2.52955586e-01 -8.37814689e-01 -7.42652128e-03 5.45904219e-01 6.52666807e+00
2.58000000e+02 5.45017958e-01 3.98359485e-02 8.37477505e-01 3.80774927e+00 -2.79354770e-02 9.99178827e-01 -2.93475371e-02 -2.53514737e-01 -8.37958872e-01 -7.40039814e-03 5.45683205e-01 6.53119755e+00
2.60000000e+02 5.47521055e-01 4.14212160e-02 8.35766077e-01 3.80995750e+00 -3.11383475e-02 9.99090910e-01 -2.91165877e-02 -2.53559023e-01 -8.36212337e-01 -1.00824293e-02 5.48313141e-01 6.53235292e+00
2.63000000e+02 5.47705472e-01 4.26882133e-02 8.35581481e-01 3.81438971e+00 -3.18589211e-02 9.99037325e-01 -3.01560182e-02 -2.54172981e-01 -8.36064398e-01 -1.01041095e-02 5.48538208e-01 6.53702641e+00
2.65000000e+02 5.47971487e-01 4.01559696e-02 8.35532606e-01 3.81680727e+00 -3.02598290e-02 9.99144912e-01 -2.81737745e-02 -2.54473656e-01 -8.35949481e-01 -9.84464772e-03 5.48718035e-01 6.53964138e+00
2.68000000e+02 5.50697148e-01 3.90859693e-02 8.33789527e-01 3.81931305e+00 -3.14396173e-02 9.99165535e-01 -2.60733012e-02 -2.54467875e-01 -8.34112823e-01 -1.18555324e-02 5.51466405e-01 6.54113007e+00
2.70000000e+02 5.51557839e-01 4.11271490e-02 8.33122134e-01 3.82195926e+00 -3.15015875e-02 9.99098301e-01 -2.84653511e-02 -2.54704326e-01 -8.33541572e-01 -1.05443802e-02 5.52356064e-01 6.54304028e+00
2.73000000e+02 5.50593972e-01 4.01684083e-02 8.33806217e-01 3.82554674e+00 -3.32819223e-02 9.99103725e-01 -2.61542574e-02 -2.54909128e-01 -8.34109485e-01 -1.33502949e-02 5.51437378e-01 6.54635334e+00
2.76000000e+02 5.48641920e-01 4.07113135e-02 8.35065663e-01 3.82936621e+00 -3.32340263e-02 9.99086261e-01 -2.68727783e-02 -2.55110562e-01 -8.35396647e-01 -1.30090620e-02 5.49493551e-01 6.54954910e+00
2.79000000e+02 5.46270847e-01 3.88735011e-02 8.36706042e-01 3.83287287e+00 -3.53173353e-02 9.99103069e-01 -2.33604182e-02 -2.55406648e-01 -8.36863697e-01 -1.67891141e-02 5.47153831e-01 6.55263901e+00
2.82000000e+02 5.44669449e-01 3.89745757e-02 8.37744713e-01 3.83650136e+00 -3.46290991e-02 9.99112785e-01 -2.39674281e-02 -2.55674899e-01 -8.37935567e-01 -1.59560200e-02 5.45535862e-01 6.55585146e+00
2.88000000e+02 5.42336702e-01 3.78121845e-02 8.39309871e-01 3.84381628e+00 -3.73760946e-02 9.99083519e-01 -2.08589248e-02 -2.56142616e-01 -8.39329422e-01 -2.00575665e-02 5.43253005e-01 6.56237030e+00
2.97000000e+02 5.34385741e-01 3.59664075e-02 8.44475150e-01 3.85463023e+00 -4.01535705e-02 9.99046504e-01 -1.71403717e-02 -2.56924570e-01 -8.44286442e-01 -2.47491226e-02 5.35320401e-01 6.57288790e+00
3.00000000e+02 5.30928433e-01 4.00204323e-02 8.46471131e-01 3.85818362e+00 -4.09189053e-02 9.98929739e-01 -2.15631593e-02 -2.57264853e-01 -8.46428156e-01 -2.31881756e-02 5.31997800e-01 6.57652378e+00
3.04000000e+02 5.27392089e-01 3.58112566e-02 8.48866940e-01 3.86276913e+00 -3.90277542e-02 9.99077797e-01 -1.79006886e-02 -2.57562399e-01 -8.48725140e-01 -2.36886889e-02 5.28303385e-01 6.58082008e+00
3.08000000e+02 5.24208486e-01 3.28215249e-02 8.50957215e-01 3.86732268e+00 -3.81027348e-02 9.99160230e-01 -1.50656067e-02 -2.57857561e-01 -8.50737095e-01 -2.45262794e-02 5.25018871e-01 6.58535385e+00
3.12000000e+02 5.24966002e-01 3.05225085e-02 8.50575745e-01 3.87158012e+00 -3.67824249e-02 9.99236703e-01 -1.31554268e-02 -2.57951140e-01 -8.50328028e-01 -2.43800860e-02 5.25687993e-01 6.58848906e+00
3.16000000e+02 5.23330390e-01 3.12513486e-02 8.51556599e-01 3.87557888e+00 -3.57019454e-02 9.99253929e-01 -1.47308111e-02 -2.58112431e-01 -8.51381600e-01 -2.26931460e-02 5.24055660e-01 6.59230042e+00
3.19000000e+02 5.23236334e-01 2.95815878e-02 8.51674080e-01 3.87863588e+00 -3.51420529e-02 9.99296188e-01 -1.31190699e-02 -2.58268148e-01 -8.51462722e-01 -2.30652001e-02 5.23907602e-01 6.59502697e+00
3.22000000e+02 5.23048460e-01 3.08060031e-02 8.51746023e-01 3.88159037e+00 -3.75122353e-02 9.99210238e-01 -1.31036192e-02 -2.58408904e-01 -8.51477027e-01 -2.50970703e-02 5.23791015e-01 6.59752274e+00
3.26000000e+02 5.21182120e-01 3.33912596e-02 8.52792025e-01 3.88560605e+00 -4.14654054e-02 9.99044955e-01 -1.37763293e-02 -2.58623242e-01 -8.52437615e-01 -2.81813908e-02 5.22068918e-01 6.60107660e+00
3.29000000e+02 5.18302023e-01 3.09895426e-02 8.54636014e-01 3.88846660e+00 -4.24635932e-02 9.99043107e-01 -1.04733733e-02 -2.58791834e-01 -8.54142785e-01 -3.08625456e-02 5.19122005e-01 6.60374546e+00
3.33000000e+02 5.22796035e-01 3.42238806e-02 8.51770520e-01 3.89196920e+00 -3.95855829e-02 9.99090493e-01 -1.58464853e-02 -2.58683443e-01 -8.51538181e-01 -2.54333541e-02 5.23675323e-01 6.60428429e+00
3.37000000e+02 5.20840883e-01 3.24035548e-02 8.53038549e-01 3.89554262e+00 -4.00278717e-02 9.99107182e-01 -1.35122528e-02 -2.58824885e-01 -8.52714837e-01 -2.71075852e-02 5.21672904e-01 6.60696936e+00
3.41000000e+02 5.21212399e-01 3.19287851e-02 8.52829516e-01 3.89936996e+00 -4.07043174e-02 9.99092698e-01 -1.25279706e-02 -2.58973360e-01 -8.52455735e-01 -2.81841084e-02 5.22039175e-01 6.60956955e+00
3.45000000e+02 5.22780836e-01 3.30849513e-02 8.51824820e-01 3.90332723e+00 -4.13826033e-02 9.99053419e-01 -1.34060439e-02 -2.59049296e-01 -8.51462066e-01 -2.82423068e-02 5.23655117e-01 6.61212826e+00
3.49000000e+02 5.24366975e-01 3.33524346e-02 8.50838959e-01 3.90718722e+00 -3.99862491e-02 9.99094725e-01 -1.45206936e-02 -2.59218454e-01 -8.50552976e-01 -2.64076870e-02 5.25225878e-01 6.61470890e+00
3.53000000e+02 5.25385797e-01 3.16097066e-02 8.50276768e-01 3.91104364e+00 -4.08026762e-02 9.99095976e-01 -1.19302152e-02 -2.59324223e-01 -8.49885225e-01 -2.84256004e-02 5.26200593e-01 6.61727619e+00
3.57000000e+02 5.26551843e-01 3.39108370e-02 8.49466443e-01 3.91499686e+00 -4.07492593e-02 9.99062359e-01 -1.46238180e-02 -2.59436727e-01 -8.49165857e-01 -2.69149318e-02 5.27439952e-01 6.61984444e+00
3.61000000e+02 5.23086488e-01 3.48263904e-02 8.51567745e-01 3.91849613e+00 -4.33465168e-02 9.98958766e-01 -1.42280562e-02 -2.59650618e-01 -8.51176620e-01 -2.94699911e-02 5.24051428e-01 6.62256432e+00
3.65000000e+02 5.22111773e-01 3.28418389e-02 8.52244496e-01 3.92226958e+00 -4.22705151e-02 9.99026716e-01 -1.26019455e-02 -2.59787917e-01 -8.51828933e-01 -2.94451900e-02 5.22991896e-01 6.62485313e+00
3.70000000e+02 5.21214664e-01 3.32052745e-02 8.52779388e-01 3.92685771e+00 -3.96828689e-02 9.99104917e-01 -1.46488771e-02 -2.59916157e-01 -8.52502525e-01 -2.62055229e-02 5.22065818e-01 6.62782907e+00
3.74000000e+02 5.23681402e-01 3.31422463e-02 8.51269245e-01 3.93057632e+00 -3.95985618e-02 9.99109924e-01 -1.45379556e-02 -2.60057092e-01 -8.50993395e-01 -2.60957815e-02 5.24527669e-01 6.63011074e+00
3.79000000e+02 5.25939167e-01 3.07503138e-02 8.49966109e-01 3.93518066e+00 -3.88083495e-02 9.99172986e-01 -1.21346610e-02 -2.60216117e-01 -8.49636316e-01 -2.66036894e-02 5.26697576e-01 6.63296700e+00
3.83000000e+02 5.27870059e-01 3.26852836e-02 8.48695993e-01 3.93889761e+00 -3.68470438e-02 9.99199688e-01 -1.55634945e-02 -2.60326385e-01 -8.48525524e-01 -2.30564363e-02 5.28651953e-01 6.63555527e+00
3.88000000e+02 5.31074286e-01 3.51790302e-02 8.46594691e-01 3.94354057e+00 -3.91417369e-02 9.99089718e-01 -1.69618800e-02 -2.60447621e-01 -8.46420705e-01 -2.41291672e-02 5.31967819e-01 6.63854313e+00
3.93000000e+02 5.32204449e-01 3.37844603e-02 8.45941484e-01 3.94820833e+00 -3.87007706e-02 9.99129772e-01 -1.55546637e-02 -2.60609627e-01 -8.45730841e-01 -2.44603250e-02 5.33048809e-01 6.64152431e+00
3.97000000e+02 5.33599079e-01 3.30274589e-02 8.45092416e-01 3.95188046e+00 -3.66195515e-02 9.99202311e-01 -1.59283821e-02 -2.60726273e-01 -8.44944417e-01 -2.24475358e-02 5.34382880e-01 6.64382935e+00
4.02000000e+02 5.36533177e-01 3.52974199e-02 8.43140721e-01 3.95643806e+00 -3.27719264e-02 9.99242663e-01 -2.09780671e-02 -2.60858208e-01 -8.43242645e-01 -1.63759161e-02 5.37283599e-01 6.64674091e+00
4.07000000e+02 5.40595829e-01 3.52785438e-02 8.40542436e-01 3.96097946e+00 -3.52018587e-02 9.99193907e-01 -1.92972161e-02 -2.61002243e-01 -8.40545654e-01 -1.91566646e-02 5.41401923e-01 6.64967155e+00
4.12000000e+02 5.42600393e-01 3.56779285e-02 8.39232922e-01 3.96536160e+00 -3.65444273e-02 9.99154270e-01 -1.88490395e-02 -2.61147380e-01 -8.39195609e-01 -2.04417873e-02 5.43445349e-01 6.65268898e+00
4.16000000e+02 5.39648294e-01 3.90192680e-02 8.40985835e-01 3.96853399e+00 -3.98446359e-02 9.98989761e-01 -2.07824633e-02 -2.61246443e-01 -8.40947151e-01 -2.22935528e-02 5.40657818e-01 6.65511227e+00
4.27000000e+02 5.31881154e-01 3.91503870e-02 8.45913529e-01 3.97359538e+00 -3.74019817e-02 9.99041975e-01 -2.27203742e-02 -2.61622369e-01 -8.45992625e-01 -1.95543040e-02 5.32835901e-01 6.66123486e+00
4.32000000e+02 5.33464372e-01 3.53631489e-02 8.45082939e-01 3.97483349e+00 -3.36212032e-02 9.99222517e-01 -2.05896255e-02 -2.61756778e-01 -8.45154047e-01 -1.74288731e-02 5.34238577e-01 6.66382647e+00
4.42000000e+02 5.38624406e-01 3.18474360e-02 8.41943860e-01 3.98144150e+00 -3.69190276e-02 9.99217689e-01 -1.41779426e-02 -2.62138873e-01 -8.41736734e-01 -2.34471634e-02 5.39378822e-01 6.66828108e+00
4.47000000e+02 5.35151839e-01 3.46194804e-02 8.44046175e-01 3.98308682e+00 -3.97998281e-02 9.99083638e-01 -1.57441664e-02 -2.62246668e-01 -8.43817770e-01 -2.51673739e-02 5.36039293e-01 6.67107296e+00
4.51000000e+02 5.32988906e-01 2.91716065e-02 8.45619202e-01 3.98459864e+00 -3.60279717e-02 9.99281526e-01 -1.17643252e-02 -2.62365311e-01 -8.45354855e-01 -2.41956897e-02 5.33656955e-01 6.67329311e+00
4.55000000e+02 5.32121658e-01 2.77266577e-02 8.46213758e-01 3.98583984e+00 -3.44834849e-02 9.99344051e-01 -1.10599250e-02 -2.62468934e-01 -8.45965385e-01 -2.32951753e-02 5.32728732e-01 6.67562485e+00
4.60000000e+02 5.33870399e-01 2.17549782e-02 8.45286429e-01 3.98719764e+00 -3.05123292e-02 9.99513566e-01 -6.45315833e-03 -2.62575537e-01 -8.45015645e-01 -2.23465078e-02 5.34274518e-01 6.67851448e+00
4.65000000e+02 5.34449339e-01 2.16441099e-02 8.44923317e-01 3.98829150e+00 -3.18737105e-02 9.99477088e-01 -5.44180628e-03 -2.62751073e-01 -8.44599307e-01 -2.40224712e-02 5.34859776e-01 6.68127584e+00
4.70000000e+02 5.33124506e-01 1.85467396e-02 8.45833480e-01 3.98961139e+00 -3.11515536e-02 9.99512076e-01 -2.28181086e-03 -2.62896806e-01 -8.45463097e-01 -2.51325369e-02 5.33442140e-01 6.68432903e+00
4.97000000e+02 5.27047932e-01 6.84139598e-03 8.49808037e-01 4.00208759e+00 -2.46570017e-02 9.99669731e-01 7.24432478e-03 -2.63735265e-01 -8.49477768e-01 -2.47718245e-02 5.27042568e-01 6.70067215e+00
5.05000000e+02 5.26298642e-01 3.27414228e-03 8.50293458e-01 4.00744915e+00 -2.45815050e-02 9.99633193e-01 1.13658067e-02 -2.63903469e-01 -8.49944413e-01 -2.68833023e-02 5.26186109e-01 6.70544147e+00
5.10000000e+02 5.27927101e-01 1.10307918e-03 8.49289000e-01 4.01143551e+00 -1.80567019e-02 9.99787688e-01 9.92568769e-03 -2.63913304e-01 -8.49097729e-01 -2.05753967e-02 5.27834952e-01 6.70815563e+00
5.14000000e+02 5.15487611e-01 7.85715354e-04 8.56896698e-01 4.01101398e+00 -1.62815601e-02 9.99828041e-01 8.87780543e-03 -2.63997495e-01 -8.56742382e-01 -1.85280144e-02 5.15411735e-01 6.71234465e+00
5.18000000e+02 4.87039655e-01 -5.70863811e-03 8.73361230e-01 4.00797367e+00 -1.50063578e-02 9.99776304e-01 1.49034010e-02 -2.64157891e-01 -8.73250961e-01 -2.03645192e-02 4.86845046e-01 6.71919298e+00
5.22000000e+02 4.61242169e-01 -5.84895816e-03 8.87255013e-01 4.00604391e+00 -1.42660961e-02 9.99800146e-01 1.40071502e-02 -2.64390677e-01 -8.87159586e-01 -1.91183537e-02 4.61066514e-01 6.72566271e+00
5.26000000e+02 4.55926299e-01 -1.04344059e-02 8.89956355e-01 4.00895977e+00 -6.63171336e-03 9.99863684e-01 1.51204672e-02 -2.64566869e-01 -8.89992833e-01 -1.27957547e-02 4.55794930e-01 6.72920513e+00
5.33000000e+02 4.50444728e-01 -5.33406017e-03 8.92788410e-01 4.01374960e+00 -1.56398173e-02 9.99781549e-01 1.38641680e-02 -2.64846802e-01 -8.92667294e-01 -2.02080887e-02 4.50262904e-01 6.73506021e+00
5.39000000e+02 4.51081097e-01 -9.45620053e-03 8.92432868e-01 4.01831722e+00 -8.77260882e-03 9.99848604e-01 1.50285000e-02 -2.65176535e-01 -8.92439842e-01 -1.46080367e-02 4.50929850e-01 6.73981953e+00
5.42000000e+02 4.48480874e-01 -1.81244034e-02 8.93608630e-01 4.02049303e+00 -1.38273940e-03 9.99779105e-01 2.09717453e-02 -2.65332460e-01 -8.93791378e-01 -1.06410543e-02 4.48356748e-01 6.74260426e+00
5.51000000e+02 4.29252714e-01 -2.01394577e-02 9.02959883e-01 4.02690363e+00 2.56419275e-03 9.99774516e-01 2.10798178e-02 -2.65815675e-01 -9.03180778e-01 -6.73320564e-03 4.29207563e-01 6.75222492e+00
5.54000000e+02 4.21623379e-01 -2.02979259e-02 9.06543851e-01 4.02881241e+00 4.62962408e-03 9.99784589e-01 2.02324428e-02 -2.65832543e-01 -9.06759202e-01 -4.33351332e-03 4.21626538e-01 6.75569057e+00
5.57000000e+02 4.22351897e-01 -2.28054076e-02 9.06145036e-01 4.03214598e+00 1.29663758e-02 9.99733150e-01 1.91171914e-02 -2.66024828e-01 -9.06339169e-01 3.67523450e-03 4.22534913e-01 6.75832796e+00
5.63000000e+02 4.13112104e-01 -3.02227400e-02 9.10178542e-01 4.03744602e+00 1.71608180e-02 9.99530017e-01 2.54007261e-02 -2.66432405e-01 -9.10518467e-01 5.12606045e-03 4.13436592e-01 6.76496601e+00
5.66000000e+02 4.06126440e-01 -3.36390696e-02 9.13197517e-01 4.04034042e+00 2.09403839e-02 9.99402404e-01 2.75017433e-02 -2.66594499e-01 -9.13576961e-01 7.95352180e-03 4.06588137e-01 6.76872444e+00
5.69000000e+02 3.98599952e-01 -3.59218977e-02 9.16421115e-01 4.04351997e+00 2.36194897e-02 9.99303281e-01 2.88973507e-02 -2.66582668e-01 -9.16820705e-01 1.01269167e-02 3.99170697e-01 6.77264309e+00
5.72000000e+02 3.94093305e-01 -3.74519080e-02 9.18307066e-01 4.04729557e+00 2.66986024e-02 9.99214232e-01 2.92938389e-02 -2.66837597e-01 -9.18682575e-01 1.29730087e-02 3.94783556e-01 6.77621651e+00
5.75000000e+02 3.87121230e-01 -3.87261994e-02 9.21215177e-01 4.05088139e+00 3.45989726e-02 9.99024034e-01 2.74576545e-02 -2.66952515e-01 -9.21379447e-01 2.12436579e-02 3.88083279e-01 6.78019905e+00
5.78000000e+02 3.77465785e-01 -4.10010330e-02 9.25115407e-01 4.05447674e+00 4.21709344e-02 9.98743951e-01 2.70576514e-02 -2.67175555e-01 -9.25062776e-01 2.87996437e-02 3.78720731e-01 6.78455925e+00
5.81000000e+02 3.65811884e-01 -4.54494059e-02 9.29578424e-01 4.05817699e+00 5.18475287e-02 9.98251021e-01 2.84037068e-02 -2.67354250e-01 -9.29243505e-01 3.78059298e-02 3.67528528e-01 6.78918743e+00
5.83000000e+02 3.56073976e-01 -4.89484333e-02 9.33174908e-01 4.06072807e+00 5.59605174e-02 9.97951806e-01 3.09932176e-02 -2.67597497e-01 -9.32780623e-01 4.11850736e-02 3.58083844e-01 6.79245663e+00
5.86000000e+02 3.35112810e-01 -5.48866726e-02 9.40577924e-01 4.06472206e+00 6.52868673e-02 9.97254848e-01 3.49333473e-02 -2.68050611e-01 -9.39913332e-01 4.97007743e-02 3.37776273e-01 6.79797983e+00
5.89000000e+02 3.13204229e-01 -6.05696142e-02 9.47752297e-01 4.06932354e+00 7.86363408e-02 9.96191084e-01 3.76782790e-02 -2.68539190e-01 -9.46424544e-01 6.27267808e-02 3.16774219e-01 6.80360508e+00
5.91000000e+02 2.97293276e-01 -6.31957352e-02 9.52692509e-01 4.07266855e+00 8.95349607e-02 9.95255470e-01 3.80791910e-02 -2.68912733e-01 -9.50578868e-01 7.39785954e-02 3.01541001e-01 6.80750561e+00
5.93000000e+02 2.79574066e-01 -6.94654882e-02 9.57607925e-01 4.07639408e+00 9.88497362e-02 9.94161725e-01 4.32578959e-02 -2.69378424e-01 -9.55022037e-01 8.25655013e-02 2.84808487e-01 6.81156826e+00
5.95000000e+02 2.63510942e-01 -7.14483410e-02 9.62006807e-01 4.08021784e+00 1.10512726e-01 9.92923498e-01 4.34731022e-02 -2.70024091e-01 -9.58305240e-01 9.48583633e-02 2.69542158e-01 6.81552219e+00
5.97000000e+02 2.30921790e-01 -8.11114460e-02 9.69585538e-01 4.08293056e+00 1.16345033e-01 9.91670966e-01 5.52496575e-02 -2.71200001e-01 -9.65991199e-01 1.00048102e-01 2.38435343e-01 6.82152224e+00
5.99000000e+02 2.09390029e-01 -8.23970065e-02 9.74354446e-01 4.08682442e+00 1.14657171e-01 9.91638482e-01 5.92186674e-02 -2.71115184e-01 -9.71086800e-01 9.93169248e-02 2.17086613e-01 6.82597446e+00
6.01000000e+02 1.84636369e-01 -8.23648795e-02 9.79349494e-01 4.09155464e+00 1.11891471e-01 9.91764724e-01 6.23141676e-02 -2.71534234e-01 -9.76416767e-01 9.80753973e-02 1.92331761e-01 6.83066559e+00
6.03000000e+02 1.55686393e-01 -8.94140899e-02 9.83751416e-01 4.09677935e+00 1.16764389e-01 9.90578532e-01 7.15557262e-02 -2.72627085e-01 -9.80881155e-01 1.03726886e-01 1.64659992e-01 6.83568859e+00
6.05000000e+02 1.24483876e-01 -9.19605568e-02 9.87950921e-01 4.10268688e+00 1.18732952e-01 9.89921808e-01 7.71834180e-02 -2.73368090e-01 -9.85091984e-01 1.07694238e-01 1.34148046e-01 6.84088421e+00
6.07000000e+02 9.67739671e-02 -9.37812030e-02 9.90878344e-01 4.10821533e+00 1.18683033e-01 9.89535272e-01 8.20629299e-02 -2.73884505e-01 -9.88205016e-01 1.09658889e-01 1.06891491e-01 6.84522295e+00
