0.00000000e+00 9.98611808e-01 -1.33881411e-02 -5.09431735e-02 1.43585745e-02 1.34779280e-02 9.99908149e-01 1.41936773e-03 -6.56349678e-03 5.09194918e-02 -2.10400578e-03 9.98700559e-01 2.50420421e-01
2.00000000e+00 9.98434305e-01 -1.59876794e-02 -5.36031686e-02 1.25248255e-02 1.59689113e-02 9.99872208e-01 -7.78448826e-04 -7.22635211e-03 5.36087640e-02 -7.87542667e-05 9.98562038e-01 2.79290646e-01
3.00000000e+00 9.98331249e-01 -1.61138661e-02 -5.54527789e-02 1.15472209e-02 1.60141550e-02 9.99869227e-01 -2.24204478e-03 -7.56287109e-03 5.54816574e-02 1.35027408e-03 9.98458803e-01 2.93783605e-01
6.00000000e+00 9.97936487e-01 -2.20653974e-02 -6.02983534e-02 8.62649828e-03 2.17169262e-02 9.99743521e-01 -6.42843358e-03 -8.57828092e-03 6.04247339e-02 5.10567334e-03 9.98159707e-01 3.37444991e-01
8.00000000e+00 9.97776270e-01 -2.23789439e-02 -6.27828836e-02 6.39835186e-03 2.20251270e-02 9.99737442e-01 -6.32208353e-03 -9.31998342e-03 6.29078820e-02 4.92522400e-03 9.98007178e-01 3.67419094e-01
9.00000000e+00 9.97707188e-01 -2.19003242e-02 -6.40369058e-02 5.30003756e-03 2.13637073e-02 9.99730766e-01 -9.05266497e-03 -9.74297989e-03 6.42179251e-02 7.66384322e-03 9.97906446e-01 3.82701665e-01
1.00000000e+01 9.97647345e-01 -2.05245614e-02 -6.54103905e-02 4.09970991e-03 1.97369996e-02 9.99724984e-01 -1.26639148e-02 -1.02671897e-02 6.56523257e-02 1.13431159e-02 9.97778058e-01 3.98316443e-01
1.10000000e+01 9.97575164e-01 -1.95423886e-02 -6.67977259e-02 2.99861282e-03 1.84916370e-02 9.99695957e-01 -1.63126625e-02 -1.05908541e-02 6.70962036e-02 1.50379082e-02 9.97633159e-01 4.13870007e-01
1.20000000e+01 9.97538209e-01 -1.75445843e-02 -6.78946525e-02 1.54246017e-03 1.64601486e-02 9.99728382e-01 -1.64989717e-02 -1.09122200e-02 6.81656823e-02 1.53407985e-02 9.97556090e-01 4.30169553e-01
1.40000000e+01 9.97446179e-01 -1.35312201e-02 -7.01283962e-02 -1.23982504e-03 1.36001380e-02 9.99907374e-01 5.05340344e-04 -1.15910526e-02 7.01150596e-02 -1.45780563e-03 9.97537851e-01 4.63844180e-01
1.60000000e+01 9.97358799e-01 -1.01745939e-02 -7.19159991e-02 -4.50242311e-03 1.06516965e-02 9.99923706e-01 6.25375519e-03 -1.23957042e-02 7.18468800e-02 -7.00326543e-03 9.97391105e-01 4.98930007e-01
1.80000000e+01 9.97244239e-01 -8.79651308e-03 -7.36650378e-02 -7.70784542e-03 8.31784308e-03 9.99942243e-01 -6.80219568e-03 -1.26876589e-02 7.37206191e-02 6.17071614e-03 9.97259855e-01 5.34973681e-01
2.00000000e+01 9.97096360e-01 -1.14463037e-02 -7.52850994e-02 -1.10244751e-02 1.17579727e-02 9.99924064e-01 3.69791477e-03 -1.30079612e-02 7.52370507e-02 -4.57237754e-03 9.97155190e-01 5.73710859e-01
2.30000000e+01 9.96966600e-01 -1.40912095e-02 -7.65440986e-02 -1.63680799e-02 1.50886010e-02 9.99808431e-01 1.24676069e-02 -1.34058958e-02 7.63537511e-02 -1.35847311e-02 9.96988237e-01 6.35185659e-01
2.50000000e+01 9.97078598e-01 -1.22269141e-02 -7.53977299e-02 -2.01326963e-02 1.27596222e-02 9.99896884e-01 6.58762921e-03 -1.34571530e-02 7.53094107e-02 -7.53043080e-03 9.97131765e-01 6.77846968e-01
2.70000000e+01 9.97099519e-01 -1.87605619e-02 -7.37604201e-02 -2.36194450e-02 1.84483826e-02 9.99817729e-01 -4.91143484e-03 -1.39238546e-02 7.38391206e-02 3.53642879e-03 9.97263908e-01 7.22012162e-01
3.00000000e+01 9.97210681e-01 -1.63010191e-02 -7.28362948e-02 -2.95699127e-02 1.55740194e-02 9.99823213e-01 -1.05381217e-02 -1.52697768e-02 7.29952008e-02 9.37437452e-03 9.97288227e-01 7.92193294e-01
3.20000000e+01 9.97294962e-01 -1.18098920e-02 -7.25485757e-02 -3.39789726e-02 1.08274380e-02 9.99844491e-01 -1.39204096e-02 -1.65327191e-02 7.27016926e-02 1.30972387e-02 9.97267723e-01 8.40956032e-01
3.40000000e+01 9.97340262e-01 -6.58193836e-03 -7.25887492e-02 -3.84638384e-02 5.53515879e-03 9.99877930e-01 -1.46124335e-02 -1.79936420e-02 7.26760700e-02 1.41717782e-02 9.97254908e-01 8.90828788e-01
3.70000000e+01 9.97281373e-01 -4.88267234e-03 -7.35254586e-02 -4.49308604e-02 3.89450276e-03 9.99900222e-01 -1.35772005e-02 -2.02951618e-02 7.35844150e-02 1.32539440e-02 9.97200906e-01 9.67268586e-01
4.00000000e+01 9.97246623e-01 -3.33593017e-03 -7.40815997e-02 -5.17315418e-02 2.51403009e-03 9.99934256e-01 -1.11850044e-02 -2.27491520e-02 7.41140470e-02 1.09679643e-02 9.97189462e-01 1.04611981e+00
4.30000000e+01 9.97151732e-01 -2.80730217e-03 -7.53690526e-02 -5.85478283e-02 2.14265939e-03 9.99958098e-01 -8.89792107e-03 -2.48393938e-02 7.53908753e-02 8.71108659e-03 9.97116029e-01 1.12690532e+00
4.60000000e+01 9.97020185e-01 -2.48369039e-03 -7.71014094e-02 -6.59281239e-02 2.25339201e-03 9.99992728e-01 -3.07380944e-03 -2.64982022e-02 7.71084800e-02 2.89091049e-03 9.97018516e-01 1.20961547e+00
4.90000000e+01 9.96899366e-01 -2.33156234e-03 -7.86526874e-02 -7.36308247e-02 2.04973388e-03 9.99991179e-01 -3.66374431e-03 -2.84157991e-02 7.86605403e-02 3.49116721e-03 9.96895373e-01 1.29313946e+00
5.20000000e+01 9.96762395e-01 -1.06902816e-03 -8.03963989e-02 -8.13015476e-02 1.11454912e-03 9.99999225e-01 5.21332666e-04 -3.02705280e-02 8.03957805e-02 -6.09250506e-04 9.96762812e-01 1.37693465e+00
5.50000000e+01 9.96747851e-01 7.80172704e-04 -8.05796459e-02 -8.91256705e-02 -1.36796699e-03 9.99972880e-01 -7.23962858e-03 -3.22924256e-02 8.05718079e-02 7.32631469e-03 9.96721864e-01 1.46021819e+00
5.80000000e+01 9.96753871e-01 4.63249482e-04 -8.05074498e-02 -9.69091430e-02 -5.70173957e-04 9.99998987e-01 -1.30514731e-03 -3.43274027e-02 8.05067644e-02 1.34681398e-03 9.96753156e-01 1.54515171e+00
6.10000000e+01 9.96823072e-01 -4.55887639e-04 -7.96462670e-02 -1.04416996e-01 -5.62917958e-05 9.99979317e-01 -6.42831344e-03 -3.61059755e-02 7.96475559e-02 6.41237479e-03 9.96802449e-01 1.62925291e+00
6.40000000e+01 9.96854305e-01 -5.35172271e-03 -7.90753439e-02 -1.12098292e-01 4.30220691e-03 9.99900460e-01 -1.34367589e-02 -3.88565809e-02 7.91393891e-02 1.30542917e-02 9.96778071e-01 1.71388829e+00
6.70000000e+01 9.96840239e-01 -9.28707980e-03 -7.88879246e-02 -1.19357914e-01 9.33584012e-03 9.99956369e-01 2.49289471e-04 -4.09794711e-02 7.88821727e-02 -9.84986778e-04 9.96883452e-01 1.79827178e+00
7.00000000e+01 9.96819139e-01 -1.56972725e-02 -7.81360865e-02 -1.27009481e-01 1.53719299e-02 9.99870479e-01 -4.76357341e-03 -4.30705696e-02 7.82007426e-02 3.54731851e-03 9.96931314e-01 1.88220274e+00
7.30000000e+01 9.96932507e-01 -1.12120621e-02 -7.74586648e-02 -1.34580866e-01 1.01884324e-02 9.99855638e-01 -1.35977566e-02 -4.54910621e-02 7.75999427e-02 1.27668632e-02 9.96902823e-01 1.96696496e+00
7.60000000e+01 9.97014225e-01 -5.86035941e-03 -7.69956559e-02 -1.41894251e-01 5.32335741e-03 9.99960065e-01 -7.17784185e-03 -4.78932112e-02 7.70346448e-02 6.74653472e-03 9.97005582e-01 2.05099607e+00
7.80000000e+01 9.96962368e-01 -8.13685544e-03 -7.74588808e-02 -1.46738008e-01 7.76275806e-03 9.99956727e-01 -5.12950495e-03 -4.93356287e-02 7.74972662e-02 4.51262901e-03 9.96982336e-01 2.10733938e+00
8.00000000e+01 9.96865094e-01 -1.05241658e-02 -7.84168616e-02 -1.51763380e-01 1.04523357e-02 9.99944508e-01 -1.32640125e-03 -5.08099943e-02 7.84264654e-02 5.02603711e-04 9.96919751e-01 2.16375995e+00
8.20000000e+01 9.96800184e-01 -1.15924999e-02 -7.90888965e-02 -1.56980336e-01 1.11386813e-02 9.99918878e-01 -6.17684750e-03 -5.23822233e-02 7.91540816e-02 5.27613610e-03 9.96848404e-01 2.21953988e+00
8.40000000e+01 9.96721685e-01 -8.98240041e-03 -8.04064423e-02 -1.62199080e-01 8.47413018e-03 9.99941885e-01 -6.66028773e-03 -5.37995696e-02 8.04615989e-02 5.95707819e-03 9.96739924e-01 2.27499723e+00
8.60000000e+01 9.96621788e-01 -6.49025897e-03 -8.18713680e-02 -1.67305768e-01 6.63710339e-03 9.99976814e-01 1.52157375e-03 -5.51790446e-02 8.18595886e-02 -2.05982220e-03 9.96641755e-01 2.33011007e+00
8.80000000e+01 9.96534586e-01 -5.84950205e-03 -8.29732046e-02 -1.72562778e-01 5.86927263e-03 9.99982774e-01 -5.64021411e-06 -5.63660227e-02 8.29718038e-02 -4.81371681e-04 9.96551752e-01 2.38518357e+00
9.00000000e+01 9.96457577e-01 -6.33497396e-03 -8.38579014e-02 -1.77734584e-01 6.26512850e-03 9.99979794e-01 -1.09603116e-03 -5.75025938e-02 8.38631466e-02 5.66768053e-04 9.96477127e-01 2.43925691e+00
9.20000000e+01 9.96319890e-01 -8.65664240e-03 -8.52744952e-02 -1.82826489e-01 8.75136349e-03 9.99961436e-01 7.37024646e-04 -5.88282794e-02 8.52648243e-02 -1.48058042e-03 9.96357203e-01 2.49204087e+00
9.40000000e+01 9.96188521e-01 -9.39586759e-03 -8.67189392e-02 -1.88027740e-01 9.82271042e-03 9.99941647e-01 4.49673878e-03 -6.01121858e-02 8.66716281e-02 -5.33141475e-03 9.96222675e-01 2.54295158e+00
9.60000000e+01 9.95709121e-01 -1.09931799e-02 -9.18827429e-02 -1.93041474e-01 1.13763716e-02 9.99928653e-01 3.64770996e-03 -6.11976273e-02 9.18360874e-02 -4.67735017e-03 9.95763123e-01 2.59170270e+00
9.80000000e+01 9.95079458e-01 -1.11940568e-02 -9.84456912e-02 -1.98174968e-01 1.15497392e-02 9.99928653e-01 3.04381712e-03 -6.22471757e-02 9.84045938e-02 -4.16586176e-03 9.95137751e-01 2.63845873e+00
1.00000000e+02 9.94498253e-01 -9.52435937e-03 -1.04319289e-01 -2.03489929e-01 1.00906491e-02 9.99937057e-01 4.90199868e-03 -6.31413013e-02 1.04266033e-01 -5.92767820e-03 9.94531751e-01 2.68244410e+00
1.02000000e+02 9.93934453e-01 -6.54187985e-03 -1.09779455e-01 -2.08729237e-01 7.34147197e-03 9.99949396e-01 6.88100606e-03 -6.39317930e-02 1.09728888e-01 -7.64521165e-03 9.93932128e-01 2.72397876e+00
1.05000000e+02 9.93057191e-01 -1.84532953e-03 -1.17618263e-01 -2.16286123e-01 2.10018479e-03 9.99995708e-01 2.04289611e-03 -6.50874227e-02 1.17613986e-01 -2.27573258e-03 9.93056774e-01 2.78046656e+00
1.08000000e+02 9.92423952e-01 3.98304267e-03 -1.22796133e-01 -2.23365888e-01 -4.66405461e-03 9.99975324e-01 -5.25891921e-03 -6.64106384e-02 1.22772150e-01 5.79180522e-03 9.92417991e-01 2.82963300e+00
1.12000000e+02 9.94202733e-01 1.36044370e-02 -1.06657527e-01 -2.31047705e-01 -1.36450632e-02 9.99906838e-01 3.48881847e-04 -6.81951270e-02 1.06652342e-01 1.10848946e-03 9.94295776e-01 2.88664484e+00
1.14000000e+02 9.96197343e-01 1.32820588e-02 -8.61074552e-02 -2.33073205e-01 -1.29774222e-02 9.99907374e-01 4.09669662e-03 -6.88206404e-02 8.61538947e-02 -2.96366564e-03 9.96277452e-01 2.91193008e+00
1.17000000e+02 9.99096990e-01 1.05869882e-02 -4.11474220e-02 -2.34075516e-01 -1.05532790e-02 9.99943793e-01 1.03637401e-03 -6.97434023e-02 4.11560796e-02 -6.01198000e-04 9.99152541e-01 2.94576287e+00
1.21000000e+02 9.98206317e-01 1.82695384e-03 5.98399825e-02 -2.31537119e-01 -1.19548175e-03 9.99943256e-01 -1.05867805e-02 -7.10058510e-02 -5.98559268e-02 1.04962531e-02 9.98151839e-01 2.98665500e+00
1.25000000e+02 9.78564560e-01 -9.07642301e-03 2.05740273e-01 -2.23413408e-01 1.19057382e-02 9.99850750e-01 -1.25180371e-02 -7.24948943e-02 -2.05595940e-01 1.46991974e-02 9.78526592e-01 3.02369356e+00
1.28000000e+02 9.41399932e-01 -6.41308352e-03 3.37231457e-01 -2.13809550e-01 1.06310053e-02 9.99886632e-01 -1.06623238e-02 -7.35156983e-02 -3.37124854e-01 1.36226201e-02 9.41361368e-01 3.04954386e+00
1.30000000e+02 9.03804660e-01 -8.24374333e-03 4.27865803e-01 -2.05171943e-01 1.32028675e-02 9.99875665e-01 -8.62442330e-03 -7.40622506e-02 -4.27741498e-01 1.34438490e-02 9.03801143e-01 3.06561661e+00
1.33000000e+02 8.29255342e-01 -1.80352421e-03 5.58867037e-01 -1.89429283e-01 1.30679067e-02 9.99783933e-01 -1.61639452e-02 -7.51062483e-02 -5.58717132e-01 2.07072608e-02 8.29099715e-01 3.08770156e+00
1.35000000e+02 7.64228582e-01 9.14108939e-03 6.44880712e-01 -1.76743269e-01 6.35883072e-03 9.99744177e-01 -2.17068847e-02 -7.55320340e-02 -6.44914150e-01 2.06897091e-02 7.63974905e-01 3.10191870e+00
1.37000000e+02 6.89744055e-01 6.61149574e-03 7.24023104e-01 -1.61616087e-01 1.08479280e-02 9.99751687e-01 -1.94636714e-02 -7.62772411e-02 -7.23972023e-01 2.12791022e-02 6.89501047e-01 3.11453009e+00
1.39000000e+02 6.04790688e-01 3.42384749e-03 7.96377122e-01 -1.44732952e-01 1.14558442e-02 9.99849916e-01 -1.29985176e-02 -7.67574906e-02 -7.96302080e-01 1.69845540e-02 6.04660690e-01 3.12606645e+00
1.41000000e+02 5.11249423e-01 -2.76734517e-03 8.59427929e-01 -1.26239657e-01 1.32709406e-02 9.99900997e-01 -4.67484165e-03 -7.75128454e-02 -8.59329939e-01 1.37954270e-02 5.11235535e-01 3.13591027e+00
1.43000000e+02 4.12567317e-01 2.92085158e-03 9.10922408e-01 -1.05690598e-01 5.18856198e-03 9.99971092e-01 -5.55634405e-03 -7.80123174e-02 -9.10912335e-01 7.01874355e-03 4.12540227e-01 3.14472461e+00
1.45000000e+02 3.19117546e-01 9.62262135e-03 9.47666287e-01 -8.28226209e-02 4.94642928e-03 9.99917924e-01 -1.18188476e-02 -7.84934759e-02 -9.47702229e-01 8.45916569e-03 3.19043756e-01 3.15141511e+00
1.47000000e+02 2.45030060e-01 8.04430898e-03 9.69482124e-01 -5.72538376e-02 1.91007759e-02 9.99731421e-01 -1.31228957e-02 -7.90506229e-02 -9.69327331e-01 2.17333641e-02 2.44810611e-01 3.15648150e+00
1.49000000e+02 1.87884778e-01 7.91857392e-03 9.82159138e-01 -2.94311643e-02 1.97717659e-02 9.99734402e-01 -1.18425656e-02 -7.96779618e-02 -9.81992066e-01 2.16440577e-02 1.87678307e-01 3.16140127e+00
1.51000000e+02 1.39852628e-01 1.74107472e-03 9.90170777e-01 1.09755993e-03 7.18680676e-03 9.99970317e-01 -2.77337688e-03 -8.02332908e-02 -9.90146220e-01 7.50403013e-03 1.39835969e-01 3.16621685e+00
1.53000000e+02 9.78059098e-02 -1.01920462e-03 9.95204985e-01 3.42355371e-02 1.88967157e-02 9.99821067e-01 -8.33183352e-04 -8.09513107e-02 -9.95026112e-01 1.88875962e-02 9.78076681e-02 3.16890430e+00
1.55000000e+02 6.62039816e-02 6.37415331e-03 9.97785747e-01 6.98470473e-02 2.31039599e-02 9.99701679e-01 -7.91936181e-03 -8.14359784e-02 -9.97538567e-01 2.35770959e-02 6.60369620e-02 3.17134905e+00
1.57000000e+02 4.92145531e-02 1.04322024e-02 9.98733759e-01 1.08207017e-01 2.16939654e-02 9.99698400e-01 -1.15112904e-02 -8.22159499e-02 -9.98552620e-01 2.22330187e-02 4.89733964e-02 3.17351651e+00
1.59000000e+02 4.72460911e-02 5.02755074e-03 9.98870611e-01 1.49322495e-01 2.97411662e-02 9.99536932e-01 -6.43764669e-03 -8.30751210e-02 -9.98440444e-01 3.00117321e-02 4.70746867e-02 3.17538261e+00
1.61000000e+02 5.04894890e-02 5.30098053e-03 9.98710513e-01 1.92845255e-01 2.52055638e-02 9.99660611e-01 -6.58028293e-03 -8.38622898e-02 -9.98406470e-01 2.55052969e-02 5.03387414e-02 3.17867184e+00
1.63000000e+02 5.25752902e-02 7.63364369e-03 9.98587787e-01 2.38782436e-01 2.39087734e-02 9.99674499e-01 -8.90074018e-03 -8.45669657e-02 -9.98330712e-01 2.43429691e-02 5.23756668e-02 3.18171835e+00
1.65000000e+02 5.37394322e-02 6.22860668e-03 9.98535573e-01 2.86952019e-01 2.17791609e-02 9.99735355e-01 -7.40820728e-03 -8.54530483e-02 -9.98317480e-01 2.21453793e-02 5.35895564e-02 3.18509269e+00
1.67000000e+02 5.39190024e-02 2.40470422e-03 9.98542428e-01 3.36687624e-01 2.34102197e-02 9.99719203e-01 -3.67163634e-03 -8.66334438e-02 -9.98270869e-01 2.35740691e-02 5.38475662e-02 3.18795156e+00
1.69000000e+02 5.18521741e-02 4.57554379e-05 9.98654783e-01 3.87203395e-01 2.02497952e-02 9.99794364e-01 -1.09721790e-03 -8.74410346e-02 -9.98449445e-01 2.02794466e-02 5.18405847e-02 3.19110060e+00
1.71000000e+02 4.93854992e-02 -4.03332151e-03 9.98771667e-01 4.39263880e-01 2.38639079e-02 9.99711156e-01 2.85713491e-03 -8.81320760e-02 -9.98494685e-01 2.36934945e-02 4.94674854e-02 3.19429040e+00
1.73000000e+02 4.68982197e-02 1.53057972e-05 9.98899698e-01 4.91543919e-01 1.81201268e-02 9.99835432e-01 -8.66057933e-04 -8.91250372e-02 -9.98735309e-01 1.81408059e-02 4.68902253e-02 3.19753671e+00
1.75000000e+02 4.49550226e-02 5.96687896e-03 9.98971164e-01 5.44848323e-01 1.94099899e-02 9.99788165e-01 -6.84523396e-03 -9.00960416e-02 -9.98800457e-01 1.96977481e-02 4.48296852e-02 3.20054579e+00
1.77000000e+02 4.24765125e-02 2.44072085e-04 9.99097407e-01 5.99098623e-01 1.31093040e-02 9.99913752e-01 -8.01612099e-04 -9.12124962e-02 -9.99011457e-01 1.31315216e-02 4.24696505e-02 3.20397997e+00
1.79000000e+02 4.17270251e-02 -1.00595504e-02 9.99078393e-01 6.53399587e-01 7.78983440e-03 9.99922216e-01 9.74270049e-03 -9.21638533e-02 -9.99098659e-01 7.37612136e-03 4.18021381e-02 3.20720720e+00
1.81000000e+02 4.29783911e-02 -4.68387455e-03 9.99065042e-01 7.07285345e-01 8.19873530e-03 9.99956965e-01 4.33535827e-03 -9.31717828e-02 -9.99042332e-01 8.00474267e-03 4.30149436e-02 3.21006250e+00
1.83000000e+02 4.47942540e-02 1.15999160e-02 9.98928905e-01 7.60609746e-01 1.28909778e-02 9.99842644e-01 -1.21885883e-02 -9.38377306e-02 -9.98913050e-01 1.34231495e-02 4.46376689e-02 3.21279478e+00
1.86000000e+02 4.73879613e-02 -5.14869718e-03 9.98863280e-01 8.41280401e-01 1.84268318e-02 9.99821067e-01 4.27943049e-03 -9.59177315e-02 -9.98706579e-01 1.82030927e-02 4.74743545e-02 3.21725559e+00
1.89000000e+02 4.34265770e-02 -2.79633771e-03 9.99052703e-01 9.20339465e-01 1.03910714e-02 9.99943256e-01 2.34715384e-03 -9.73969772e-02 -9.99002576e-01 1.02792988e-02 4.34531681e-02 3.22263145e+00
1.91000000e+02 3.97305861e-02 -2.04460672e-03 9.99208331e-01 9.72240686e-01 9.22070071e-03 9.99956071e-01 1.67950266e-03 -9.82740745e-02 -9.99167860e-01 9.14667267e-03 3.97476926e-02 3.22516441e+00
1.94000000e+02 3.38464938e-02 -3.59506533e-03 9.99420583e-01 1.04904413e+00 5.28830150e-03 9.99980152e-01 3.41798412e-03 -9.97767448e-02 -9.99413073e-01 5.16955042e-03 3.38648334e-02 3.22884512e+00
1.97000000e+02 2.84381583e-02 -2.47088051e-03 9.99592483e-01 1.12494874e+00 4.87232907e-03 9.99985397e-01 2.33323500e-03 -1.01213165e-01 -9.99583662e-01 4.80399048e-03 2.84497831e-02 3.23255634e+00
1.99000000e+02 2.60761529e-02 -4.30753967e-03 9.99650657e-01 1.17449760e+00 6.86891098e-03 9.99967873e-01 4.12972923e-03 -1.02068655e-01 -9.99636352e-01 6.75882399e-03 2.61049028e-02 3.23426962e+00
2.02000000e+02 2.27350853e-02 -6.26241835e-03 9.99721885e-01 1.24663961e+00 2.87180091e-03 9.99976635e-01 6.19870564e-03 -1.03202537e-01 -9.99737382e-01 2.73007411e-03 2.27525383e-02 3.23721123e+00
2.04000000e+02 2.19232328e-02 -4.09876835e-03 9.99751270e-01 1.29216540e+00 2.97237630e-03 9.99987423e-01 4.03455645e-03 -1.04173183e-01 -9.99755263e-01 2.88318633e-03 2.19351407e-02 3.23877287e+00
2.06000000e+02 2.13754401e-02 6.45082851e-04 9.99771297e-01 1.33745301e+00 1.16436917e-03 9.99999106e-01 -6.70124427e-04 -1.04968406e-01 -9.99770820e-01 1.17842713e-03 2.13746689e-02 3.24053311e+00
2.08000000e+02 2.14113332e-02 1.08851108e-03 9.99770164e-01 1.38236725e+00 3.14776925e-03 9.99994397e-01 -1.15616864e-03 -1.05938531e-01 -9.99765813e-01 3.17180087e-03 2.14077849e-02 3.24192381e+00
2.10000000e+02 2.08913162e-02 9.41821316e-04 9.99781311e-01 1.42696714e+00 -2.91820645e-04 9.99999523e-01 -9.35929071e-04 -1.06922753e-01 -9.99781728e-01 -2.72204023e-04 2.08915807e-02 3.24353004e+00
2.12000000e+02 2.11431123e-02 -1.11339919e-04 9.99776483e-01 1.47135055e+00 -1.00614596e-03 9.99999464e-01 1.32642570e-04 -1.07982866e-01 -9.99775946e-01 -1.00872549e-03 2.11429894e-02 3.24524164e+00
2.14000000e+02 1.73518453e-02 -7.26313388e-04 9.99849200e-01 1.51470757e+00 -3.38029047e-03 9.99993980e-01 7.85081647e-04 -1.08694151e-01 -9.99843717e-01 -3.39340325e-03 1.73492860e-02 3.24632359e+00
2.16000000e+02 5.78122446e-03 2.44178809e-03 9.99980330e-01 1.55823612e+00 -3.78002366e-03 9.99989927e-01 -2.41995789e-03 -1.09752916e-01 -9.99976158e-01 -3.76595906e-03 5.79039613e-03 3.24758816e+00
2.18000000e+02 -7.98047986e-03 6.66528102e-03 9.99945939e-01 1.60144603e+00 -2.34915246e-03 9.99974906e-01 -6.68422272e-03 -1.10676304e-01 -9.99965370e-01 -2.40236893e-03 -7.96462223e-03 3.24770856e+00
2.20000000e+02 -1.94282308e-02 5.21781668e-03 9.99797642e-01 1.64549422e+00 -6.19033398e-03 9.99966562e-01 -5.33899013e-03 -1.11573800e-01 -9.99792099e-01 -6.29280834e-03 -1.93952806e-02 3.24755406e+00
2.22000000e+02 -2.77364496e-02 5.47207007e-03 9.99600291e-01 1.69014382e+00 -1.11113181e-02 9.99921560e-01 -5.78214042e-03 -1.12438910e-01 -9.99553502e-01 -1.12672532e-02 -2.76734717e-02 3.24700260e+00
2.24000000e+02 -3.18812281e-02 -6.19322294e-04 9.99491453e-01 1.73568773e+00 -8.21055193e-03 9.99966204e-01 3.57720826e-04 -1.13247156e-01 -9.99457955e-01 -8.19497183e-03 -3.18852365e-02 3.24593067e+00
2.26000000e+02 -3.48129235e-02 -3.57188401e-03 9.99387443e-01 1.78253067e+00 -9.26046725e-03 9.99951839e-01 3.25131952e-03 -1.13973595e-01 -9.99350965e-01 -9.14160628e-03 -3.48443240e-02 3.24512005e+00
2.28000000e+02 -3.54298800e-02 3.27036297e-03 9.99366820e-01 1.82974720e+00 -1.54126994e-03 9.99993265e-01 -3.32705467e-03 -1.14861406e-01 -9.99370992e-01 -1.65817118e-03 -3.54246013e-02 3.24374533e+00
2.30000000e+02 -3.66587266e-02 8.45859200e-03 9.99292016e-01 1.87804353e+00 6.20444864e-03 9.99946833e-01 -8.23652651e-03 -1.15892358e-01 -9.99308586e-01 5.89811569e-03 -3.67092602e-02 3.24213862e+00
2.32000000e+02 -3.68295908e-02 1.79716037e-03 9.99319971e-01 1.92673171e+00 4.64900350e-03 9.99987841e-01 -1.62702415e-03 -1.16887897e-01 -9.99310732e-01 4.58591944e-03 -3.68374996e-02 3.24107885e+00
2.34000000e+02 -3.78578641e-02 -9.29985254e-04 9.99282718e-01 1.97535717e+00 6.70894468e-03 9.99976814e-01 1.18479982e-03 -1.18110225e-01 -9.99260604e-01 6.74898643e-03 -3.78507487e-02 3.23974419e+00
2.36000000e+02 -4.18362096e-02 8.62553541e-04 9.99124110e-01 2.02367568e+00 4.46304213e-03 9.99989808e-01 -6.76420459e-04 -1.18910834e-01 -9.99114513e-01 4.43083420e-03 -4.18396331e-02 3.23861480e+00
2.38000000e+02 -4.61443029e-02 1.04391354e-03 9.98934209e-01 2.07231379e+00 5.44195157e-03 9.99984860e-01 -7.93628511e-04 -1.19775973e-01 -9.98919964e-01 5.39953029e-03 -4.61492874e-02 3.23712015e+00
2.40000000e+02 -4.97183092e-02 1.05351652e-03 9.98762727e-01 2.12153268e+00 2.51589017e-03 9.99996424e-01 -9.29577101e-04 -1.21056676e-01 -9.98760104e-01 2.46656034e-03 -4.97207828e-02 3.23516512e+00
2.44000000e+02 -5.41784912e-02 1.96478493e-03 9.98529315e-01 2.22135901e+00 1.68182142e-03 9.99996841e-01 -1.87641976e-03 -1.22536413e-01 -9.98529851e-01 1.57768652e-03 -5.41816242e-02 3.23139977e+00
2.46000000e+02 -5.69380820e-02 -1.87191926e-03 9.98375952e-01 2.27212763e+00 -3.84144904e-03 9.99991238e-01 1.65586732e-03 -1.23359703e-01 -9.98370349e-01 -3.74092860e-03 -5.69447763e-02 3.22951055e+00
2.50000000e+02 -6.44220859e-02 2.34942278e-03 9.97919977e-01 2.37683773e+00 -7.62390206e-04 9.99996841e-01 -2.40352959e-03 -1.25348181e-01 -9.97922421e-01 -9.15644807e-04 -6.44200891e-02 3.22393942e+00
2.52000000e+02 -6.57763034e-02 1.00117959e-02 9.97784138e-01 2.43023062e+00 2.35590758e-03 9.99948442e-01 -9.87820514e-03 -1.26428917e-01 -9.97831583e-01 1.70093530e-03 -6.57965019e-02 3.22075796e+00
2.55000000e+02 -6.48518056e-02 8.22734460e-03 9.97860968e-01 2.51215363e+00 8.18892941e-03 9.99936700e-01 -7.71225384e-03 -1.28284648e-01 -9.97861326e-01 7.67125934e-03 -6.49150759e-02 3.21589518e+00
2.57000000e+02 -6.21937700e-02 4.32799757e-03 9.98054683e-01 2.56817174e+00 6.65997248e-03 9.99970138e-01 -3.92128760e-03 -1.29605979e-01 -9.98041868e-01 6.40313746e-03 -6.22207373e-02 3.21312642e+00
2.59000000e+02 -5.88517003e-02 -2.41889525e-03 9.98263776e-01 2.62452841e+00 7.60040479e-03 9.99966979e-01 2.87109707e-03 -1.30783871e-01 -9.98237789e-01 7.75617827e-03 -5.88313714e-02 3.21034384e+00
2.61000000e+02 -5.56204095e-02 1.79840380e-03 9.98450339e-01 2.68054128e+00 7.21427519e-03 9.99972999e-01 -1.39926269e-03 -1.31907955e-01 -9.98425901e-01 7.12526822e-03 -5.56318834e-02 3.20776701e+00
2.63000000e+02 -5.20666726e-02 1.15112336e-02 9.98577237e-01 2.73707938e+00 5.91416098e-03 9.99919593e-01 -1.12183383e-02 -1.33099198e-01 -9.98626113e-01 5.32164518e-03 -5.21305650e-02 3.20532489e+00
2.65000000e+02 -4.96001095e-02 6.83514867e-03 9.98745739e-01 2.79374909e+00 4.74356860e-03 9.99966919e-01 -6.60792924e-03 -1.34375706e-01 -9.98757899e-01 4.40986501e-03 -4.96308915e-02 3.20328832e+00
2.67000000e+02 -4.85581011e-02 4.87875054e-03 9.98808444e-01 2.85130167e+00 4.80855722e-03 9.99977648e-01 -4.65068873e-03 -1.35754615e-01 -9.98808801e-01 4.57699876e-03 -4.85804752e-02 3.20129085e+00
2.69000000e+02 -4.75384891e-02 2.94327200e-03 9.98865068e-01 2.90822291e+00 6.52550766e-03 9.99975264e-01 -2.63597793e-03 -1.37106687e-01 -9.98848081e-01 6.39279094e-03 -4.75565195e-02 3.19925642e+00
2.71000000e+02 -4.55125310e-02 2.97974446e-03 9.98959303e-01 2.96462893e+00 1.05902860e-02 9.99940813e-01 -2.50017899e-03 -1.38537601e-01 -9.98907626e-01 1.04654757e-02 -4.55413945e-02 3.19682360e+00
2.73000000e+02 -4.40824181e-02 6.72419043e-03 9.99005258e-01 3.02114058e+00 8.80925264e-03 9.99941111e-01 -6.34176936e-03 -1.39914811e-01 -9.98989046e-01 8.52092914e-03 -4.41390574e-02 3.19517422e+00
2.76000000e+02 -4.47707623e-02 1.80918118e-03 9.98995662e-01 3.10475016e+00 -4.66853799e-03 9.99987066e-01 -2.02020071e-03 -1.41974345e-01 -9.98986363e-01 -4.75429511e-03 -4.47617397e-02 3.19312930e+00
2.79000000e+02 -4.73464914e-02 9.43282712e-03 9.98834014e-01 3.18742347e+00 -7.74090458e-03 9.99921918e-01 -9.81003419e-03 -1.44136310e-01 -9.98848557e-01 -8.19634926e-03 -4.72697765e-02 3.19063210e+00
2.81000000e+02 -4.88141999e-02 9.71687399e-03 9.98760581e-01 3.24187827e+00 -5.28211100e-03 9.99936163e-01 -9.98647325e-03 -1.45612001e-01 -9.98793900e-01 -5.76304644e-03 -4.87597622e-02 3.18889236e+00
2.83000000e+02 -4.97579202e-02 1.39754405e-02 9.98663545e-01 3.29531837e+00 -4.02868120e-03 9.99891162e-01 -1.41933467e-02 -1.47379592e-01 -9.98753190e-01 -4.72952845e-03 -4.96961996e-02 3.18692327e+00
2.85000000e+02 -5.35290055e-02 1.33303357e-02 9.98477340e-01 3.34816861e+00 -7.85587355e-03 9.99874353e-01 -1.37701454e-02 -1.49218678e-01 -9.98535395e-01 -8.58101435e-03 -5.34175597e-02 3.18523526e+00
2.87000000e+02 -5.94316758e-02 1.72692258e-02 9.98082995e-01 3.40005255e+00 -8.22981447e-03 9.99807894e-01 -1.77891217e-02 -1.51116043e-01 -9.98198450e-01 -9.27127525e-03 -5.92781380e-02 3.18274355e+00
2.89000000e+02 -6.58137947e-02 1.86587870e-02 9.97657478e-01 3.45155144e+00 -9.68699623e-03 9.99766111e-01 -1.93372592e-02 -1.53098643e-01 -9.97784913e-01 -1.09369615e-02 -6.56176507e-02 3.18010879e+00
2.92000000e+02 -7.31599778e-02 2.27485765e-02 9.97060716e-01 3.52827477e+00 -1.14336321e-02 9.99655008e-01 -2.36467160e-02 -1.56121552e-01 -9.97254670e-01 -1.31300185e-02 -7.28746429e-02 3.17580557e+00
2.94000000e+02 -7.72089213e-02 3.25323604e-02 9.96484041e-01 3.57847738e+00 -9.52690747e-03 9.99397814e-01 -3.33656445e-02 -1.58325270e-01 -9.96969402e-01 -1.20695364e-02 -7.68524930e-02 3.17250109e+00
2.96000000e+02 -8.34376141e-02 2.29651108e-02 9.96248364e-01 3.62909913e+00 -8.96842591e-03 9.99676645e-01 -2.37952601e-02 -1.60733104e-01 -9.96472657e-01 -1.09201986e-02 -8.32046717e-02 3.16902208e+00
2.98000000e+02 -8.71697441e-02 2.36611571e-02 9.95912433e-01 3.67895818e+00 -1.02441851e-02 9.99643743e-01 -2.46464536e-02 -1.63125187e-01 -9.96140778e-01 -1.23507362e-02 -8.68963003e-02 3.16534519e+00
3.00000000e+02 -9.26024765e-02 2.96266433e-02 9.95262325e-01 3.72851825e+00 -1.37444614e-02 9.99423981e-01 -3.10293566e-02 -1.65339336e-01 -9.95608270e-01 -1.65527407e-02 -9.21419337e-02 3.16178083e+00
3.02000000e+02 -9.68257785e-02 3.83205600e-02 9.94563401e-01 3.77740312e+00 -9.66140628e-03 9.99175251e-01 -3.94388437e-02 -1.67822123e-01 -9.95254457e-01 -1.34275770e-02 -9.63756964e-02 3.15777755e+00
3.04000000e+02 -1.01695046e-01 3.79244015e-02 9.94092464e-01 3.82566881e+00 -9.81387310e-03 9.99186218e-01 -3.91226783e-02 -1.70499340e-01 -9.94767189e-01 -1.37344804e-02 -1.01240106e-01 3.15338397e+00
3.06000000e+02 -1.11503839e-01 3.26707698e-02 9.93226826e-01 3.87397456e+00 -3.28277540e-03 9.99441862e-01 -3.32437456e-02 -1.73151910e-01 -9.93758559e-01 -6.96734572e-03 -1.11334354e-01 3.14861131e+00
3.08000000e+02 -1.26474813e-01 3.14066000e-02 9.91472542e-01 3.92161894e+00 -5.54140378e-03 9.99460697e-01 -3.23665142e-02 -1.75914571e-01 -9.91954327e-01 -9.58769862e-03 -1.26232564e-01 3.14358068e+00
3.10000000e+02 -1.48922488e-01 3.31234336e-02 9.88293946e-01 3.96862268e+00 -6.02539955e-03 9.99389887e-01 -3.44032682e-02 -1.78178102e-01 -9.88830507e-01 -1.10782860e-02 -1.48632050e-01 3.13736200e+00
3.12000000e+02 -1.72714695e-01 3.33167426e-02 9.84408259e-01 4.01560831e+00 -2.45353789e-03 9.99410093e-01 -3.42549458e-02 -1.80905759e-01 -9.84968841e-01 -8.33161548e-03 -1.72531068e-01 3.12954974e+00
3.14000000e+02 -1.94065690e-01 3.32074389e-02 9.80426311e-01 4.06233072e+00 4.88055823e-03 9.99447227e-01 -3.28856222e-02 -1.83259457e-01 -9.80976403e-01 -1.59694382e-03 -1.94120482e-01 3.12065315e+00
3.16000000e+02 -2.10729167e-01 3.30131128e-02 9.76986885e-01 4.10852718e+00 1.52717829e-02 9.99418795e-01 -3.04770879e-02 -1.85706764e-01 -9.77425158e-01 8.49791989e-03 -2.11110860e-01 3.11098862e+00
3.18000000e+02 -2.22229615e-01 3.06730662e-02 9.74511743e-01 4.15397072e+00 1.92310493e-02 9.99448478e-01 -2.70724688e-02 -1.88128889e-01 -9.74804699e-01 1.27245793e-02 -2.22696930e-01 3.10116625e+00
3.20000000e+02 -2.25658521e-01 2.51586363e-02 9.73881543e-01 4.19905472e+00 3.12465988e-02 9.99339044e-01 -1.85761265e-02 -1.90480888e-01 -9.73705232e-01 2.62386240e-02 -2.26295501e-01 3.09079075e+00
3.22000000e+02 -2.26693541e-01 2.91438811e-02 9.73529994e-01 4.24375725e+00 3.49743105e-02 9.99151111e-01 -2.17668600e-02 -1.92252785e-01 -9.73338008e-01 2.91141346e-02 -2.27520391e-01 3.08098698e+00
3.24000000e+02 -2.25042760e-01 3.18342596e-02 9.73828673e-01 4.28695869e+00 3.72127555e-02 9.99017715e-01 -2.40581632e-02 -1.94223493e-01 -9.73637998e-01 3.08247320e-02 -2.26006344e-01 3.07156467e+00
3.26000000e+02 -2.22100064e-01 2.69925073e-02 9.74650204e-01 4.32985115e+00 4.03446369e-02 9.99015033e-01 -1.84736792e-02 -1.96302354e-01 -9.74188805e-01 3.52189019e-02 -2.22970307e-01 3.06220007e+00
3.28000000e+02 -2.17663080e-01 3.00192405e-02 9.75562215e-01 4.37246895e+00 4.23296168e-02 9.98876810e-01 -2.12922636e-02 -1.97987527e-01 -9.75105643e-01 3.66606377e-02 -2.18689293e-01 3.05289602e+00
3.30000000e+02 -2.08641365e-01 3.02213579e-02 9.77525175e-01 4.41427708e+00 4.51122932e-02 9.98755932e-01 -2.12490372e-02 -1.99846119e-01 -9.76951182e-01 3.96649726e-02 -2.09745154e-01 3.04446125e+00
3.31000000e+02 -2.03104645e-01 2.83558220e-02 9.78746355e-01 4.43523598e+00 4.64734659e-02 9.98733222e-01 -1.92909297e-02 -2.00790882e-01 -9.78053510e-01 4.15676571e-02 -2.04165146e-01 3.04032302e+00
3.33000000e+02 -1.94541171e-01 2.54533309e-02 9.80564058e-01 4.47627735e+00 4.61571030e-02 9.98793423e-01 -1.67690851e-02 -2.02569783e-01 -9.79807734e-01 4.19977196e-02 -1.95481300e-01 3.03266239e+00
3.35000000e+02 -1.86465770e-01 2.23145429e-02 9.82208014e-01 4.51687813e+00 5.12074530e-02 9.98603880e-01 -1.29656363e-02 -2.04103097e-01 -9.81126070e-01 4.78787236e-02 -1.87348112e-01 3.02503276e+00
3.36000000e+02 -1.82641014e-01 2.05780361e-02 9.82964277e-01 4.53672886e+00 5.34246489e-02 9.98511553e-01 -1.09768733e-02 -2.04771683e-01 -9.81727064e-01 5.05096950e-02 -1.83468536e-01 3.02130175e+00
3.38000000e+02 -1.75737903e-01 1.99086741e-02 9.84235644e-01 4.57575130e+00 4.83004823e-02 9.98765767e-01 -1.15784034e-02 -2.06511289e-01 -9.83251393e-01 4.55042906e-02 -1.76482588e-01 3.01503897e+00
3.40000000e+02 -1.65440038e-01 2.61037089e-02 9.85874355e-01 4.61418247e+00 5.15374392e-02 9.98512626e-01 -1.77898183e-02 -2.07984045e-01 -9.84872341e-01 4.78662923e-02 -1.66539282e-01 3.00873804e+00
3.42000000e+02 -1.51190773e-01 2.57783830e-02 9.88168418e-01 4.65296602e+00 4.69459780e-02 9.98719156e-01 -1.88708398e-02 -2.09369674e-01 -9.87389207e-01 4.35374342e-02 -1.52207315e-01 3.00387096e+00
3.45000000e+02 -1.14763767e-01 2.13129018e-02 9.93164182e-01 4.70989799e+00 4.77268212e-02 9.98733580e-01 -1.59174092e-02 -2.11640552e-01 -9.92245674e-01 4.55738269e-02 -1.15635626e-01 2.99751091e+00
3.48000000e+02 -6.01469763e-02 1.84998605e-02 9.98018086e-01 4.76612568e+00 4.48193066e-02 9.98869956e-01 -1.58145521e-02 -2.14014649e-01 -9.97182846e-01 4.37792838e-02 -6.09081574e-02 2.99460101e+00
3.51000000e+02 4.74766130e-03 2.11609807e-02 9.99764800e-01 4.82118368e+00 3.01938076e-02 9.99317169e-01 -2.12948900e-02 -2.16348961e-01 -9.99532759e-01 3.02878078e-02 4.10548877e-03 2.99597931e+00
3.53000000e+02 3.85886952e-02 2.22412962e-02 9.99007642e-01 4.85776615e+00 1.73374005e-02 9.99586880e-01 -2.29238849e-02 -2.17813313e-01 -9.99104738e-01 1.82047971e-02 3.81871462e-02 2.99887729e+00
3.55000000e+02 5.02310917e-02 1.92106590e-02 9.98552859e-01 4.89401197e+00 6.71470363e-04 9.99814093e-01 -1.92687009e-02 -2.19337523e-01 -9.98737395e-01 1.63838651e-03 5.02088554e-02 3.00232100e+00
3.56000000e+02 4.40161973e-02 1.66906174e-02 9.98891413e-01 4.91194820e+00 -5.71566215e-03 9.99848247e-01 -1.64547451e-02 -2.19985038e-01 -9.99014497e-01 -4.98505030e-03 4.41049188e-02 3.00362611e+00
3.57000000e+02 3.18650380e-02 1.35178221e-02 9.99400735e-01 4.92986393e+00 -8.83137994e-03 9.99873340e-01 -1.32426331e-02 -2.20710784e-01 -9.99453187e-01 -8.40411056e-03 3.19803841e-02 3.00434971e+00
3.58000000e+02 1.84934027e-02 1.18190721e-02 9.99759138e-01 4.94751692e+00 -9.07533709e-03 9.99890924e-01 -1.16527565e-02 -2.21305192e-01 -9.99787807e-01 -8.85765161e-03 1.85986459e-02 3.00472236e+00
3.59000000e+02 6.33284776e-03 1.01898843e-02 9.99928057e-01 4.96519184e+00 -6.63836673e-03 9.99926448e-01 -1.01478249e-02 -2.21955180e-01 -9.99957919e-01 -6.57362444e-03 6.40002638e-03 3.00465012e+00
3.61000000e+02 -1.93098541e-02 9.22640972e-03 9.99770999e-01 5.00002098e+00 -8.70854035e-03 9.99917924e-01 -9.39596538e-03 -2.23161429e-01 -9.99775648e-01 -8.88798106e-03 -1.92279201e-02 3.00423193e+00
3.62000000e+02 -3.53854559e-02 8.18935223e-03 9.99340177e-01 5.01725006e+00 -1.22157363e-02 9.99888182e-01 -8.62638745e-03 -2.23556101e-01 -9.99299049e-01 -1.25129241e-02 -3.52814607e-02 3.00378203e+00
3.64000000e+02 -6.79589659e-02 6.47441531e-03 9.97667134e-01 5.05153227e+00 -1.01057831e-02 9.99923170e-01 -7.17744092e-03 -2.24564999e-01 -9.97636914e-01 -1.05699785e-02 -6.78883195e-02 3.00174952e+00
3.66000000e+02 -9.55569297e-02 3.79860611e-03 9.95416701e-01 5.08451176e+00 -6.47679763e-03 9.99969184e-01 -4.43773111e-03 -2.25342080e-01 -9.95402873e-01 -6.87116850e-03 -9.55293849e-02 2.99831986e+00
3.68000000e+02 -1.21666633e-01 2.06208113e-03 9.92568851e-01 5.11757565e+00 -9.32641979e-03 9.99951303e-01 -3.22062778e-03 -2.26300597e-01 -9.92527187e-01 -9.64895729e-03 -1.21641479e-01 2.99470329e+00
3.70000000e+02 -1.42096803e-01 5.64852590e-03 9.89836633e-01 5.14926195e+00 -1.18980440e-03 9.99981999e-01 -5.87722426e-03 -2.27298290e-01 -9.89852071e-01 -2.01284676e-03 -1.42087534e-01 2.98967195e+00
3.72000000e+02 -1.54022977e-01 6.26353268e-03 9.88047421e-01 5.18091774e+00 5.98674640e-04 9.99980330e-01 -6.24585385e-03 -2.28137314e-01 -9.88067091e-01 -3.70486028e-04 -1.54023692e-01 2.98489165e+00
3.75000000e+02 -1.59649014e-01 3.11159506e-03 9.87168908e-01 5.22813797e+00 1.94086344e-03 9.99994099e-01 -2.83813616e-03 -2.29399189e-01 -9.87171948e-01 1.46285444e-03 -1.59654111e-01 2.97780204e+00
3.77000000e+02 -1.63884938e-01 4.17709537e-03 9.86470640e-01 5.25884247e+00 2.49245297e-03 9.99989569e-01 -3.82026215e-03 -2.30105177e-01 -9.86476302e-01 1.83264818e-03 -1.63893655e-01 2.97297430e+00
3.80000000e+02 -1.75958395e-01 7.52462540e-03 9.84368861e-01 5.30613041e+00 -1.49654181e-04 9.99970555e-01 -7.67063769e-03 -2.31068626e-01 -9.84397590e-01 -1.49702805e-03 -1.75952092e-01 2.96526074e+00
3.82000000e+02 -1.86664417e-01 6.97824266e-03 9.82398927e-01 5.33850908e+00 2.13464070e-03 9.99975264e-01 -6.69749128e-03 -2.31967419e-01 -9.82421398e-01 8.46885436e-04 -1.86674699e-01 2.95928431e+00
3.84000000e+02 -1.98151842e-01 9.07389075e-03 9.80129361e-01 5.37239838e+00 3.90135450e-03 9.99956548e-01 -8.46871454e-03 -2.32782692e-01 -9.80163574e-01 2.14574067e-03 -1.98178634e-01 2.95280695e+00
3.86000000e+02 -2.08880618e-01 1.20968530e-02 9.77866352e-01 5.40737963e+00 4.98111686e-03 9.99923706e-01 -1.13057084e-02 -2.33594209e-01 -9.77928460e-01 2.50932341e-03 -2.08924934e-01 2.94561052e+00
3.88000000e+02 -2.19073787e-01 1.33376140e-02 9.75617111e-01 5.44314957e+00 1.26953572e-02 9.99860883e-01 -1.08183203e-02 -2.34523773e-01 -9.75625694e-01 1.00157978e-02 -2.19212636e-01 2.93767834e+00
3.90000000e+02 -2.26929292e-01 1.04142660e-02 9.73855555e-01 5.47957230e+00 1.13018686e-02 9.99903679e-01 -8.05924181e-03 -2.35413760e-01 -9.73845661e-01 9.17750970e-03 -2.27025136e-01 2.92966986e+00
3.92000000e+02 -2.32329398e-01 4.57688281e-03 9.72626388e-01 5.51668310e+00 1.54381897e-02 9.99880314e-01 -1.01744046e-03 -2.36379996e-01 -9.72514629e-01 1.47792092e-02 -2.32372254e-01 2.92097282e+00
3.95000000e+02 -2.35993996e-01 3.40185128e-03 9.71748531e-01 5.57238436e+00 1.64838489e-02 9.99863982e-01 5.02908661e-04 -2.37614512e-01 -9.71614718e-01 1.61368400e-02 -2.36017972e-01 2.90839863e+00
3.97000000e+02 -2.34330490e-01 5.59363468e-03 9.72140908e-01 5.60914087e+00 1.92241073e-02 9.99814570e-01 -1.11897616e-03 -2.38170028e-01 -9.71966922e-01 1.84263308e-02 -2.34394580e-01 2.89996958e+00
4.00000000e+02 -2.27394581e-01 6.31483598e-03 9.73782241e-01 5.66387844e+00 1.96296610e-02 9.99805510e-01 -1.89973612e-03 -2.38943666e-01 -9.73604858e-01 1.86830256e-02 -2.27474317e-01 2.88822055e+00
4.03000000e+02 -2.17260316e-01 1.08378204e-02 9.76053536e-01 5.71660042e+00 2.18842011e-02 9.99741077e-01 -6.22962415e-03 -2.40449563e-01 -9.75868344e-01 2.00067014e-02 -2.17441246e-01 2.87699127e+00
4.06000000e+02 -2.04956219e-01 6.40208228e-03 9.78750229e-01 5.76579762e+00 2.18066089e-02 9.99760270e-01 -1.97307486e-03 -2.41733357e-01 -9.78528202e-01 2.09388286e-02 -2.05046698e-01 2.86746764e+00
4.09000000e+02 -1.83209822e-01 -2.57375906e-03 9.83070493e-01 5.81021833e+00 2.50728130e-02 9.99659061e-01 7.28988135e-03 -2.42944717e-01 -9.82754052e-01 2.59839203e-02 -1.83082819e-01 2.85939431e+00
4.12000000e+02 -1.42101422e-01 -1.50005147e-03 9.89850938e-01 5.85054827e+00 2.22714804e-02 9.99740839e-01 4.71229712e-03 -2.43702203e-01 -9.89601493e-01 2.27150694e-02 -1.42031193e-01 2.85403681e+00
4.15000000e+02 -7.45928362e-02 6.00940874e-03 9.97195959e-01 5.88959932e+00 2.43692622e-02 9.99694169e-01 -4.20157984e-03 -2.44362742e-01 -9.96916294e-01 2.39875223e-02 -7.47164711e-02 2.85157728e+00
4.18000000e+02 1.58046205e-02 6.69932517e-04 9.99874890e-01 5.92743254e+00 1.20343119e-02 9.99927223e-01 -8.60189088e-04 -2.45164439e-01 -9.99802649e-01 1.20464014e-02 1.57954078e-02 2.85362291e+00
4.21000000e+02 1.07663997e-01 -8.67414102e-03 9.94149506e-01 5.96427822e+00 2.61946640e-04 9.99962151e-01 8.69648904e-03 -2.45895967e-01 -9.94187295e-01 -6.75884658e-04 1.07662193e-01 2.85952997e+00
4.23000000e+02 1.70889020e-01 -1.33938184e-02 9.85199273e-01 5.98830748e+00 5.50657627e-04 9.99908745e-01 1.34982793e-02 -2.46307313e-01 -9.85290110e-01 -1.76420028e-03 1.70880795e-01 2.86493301e+00
4.26000000e+02 2.74743974e-01 -9.28550586e-03 9.61472571e-01 6.02350473e+00 -3.30440787e-04 9.99952376e-01 9.75155272e-03 -2.46380329e-01 -9.61517394e-01 -2.99688987e-03 2.74727821e-01 2.87659502e+00
4.28000000e+02 3.51703614e-01 -6.26400532e-03 9.36090469e-01 6.04706860e+00 5.38288266e-04 9.99978781e-01 6.48928154e-03 -2.46593118e-01 -9.36111271e-01 -1.77841727e-03 3.51699531e-01 2.88709497e+00
4.30000000e+02 4.33534920e-01 3.69779603e-03 9.01129186e-01 6.07034874e+00 -9.91802942e-03 9.99950588e-01 6.68271387e-04 -2.46892050e-01 -9.01082158e-01 -9.22714453e-03 4.33550179e-01 2.90072346e+00
4.32000000e+02 5.16647279e-01 8.24094750e-03 8.56158674e-01 6.09347486e+00 -8.30912683e-03 9.99954820e-01 -4.61092964e-03 -2.47376576e-01 -8.56158018e-01 -4.73170634e-03 5.16692460e-01 2.91670990e+00
4.34000000e+02 5.97215176e-01 6.94174133e-03 8.02051008e-01 6.11695910e+00 1.11685647e-03 9.99954402e-01 -9.48621519e-03 -2.47805834e-01 -8.02080274e-01 6.56108791e-03 5.97180188e-01 2.93573737e+00
4.36000000e+02 6.71402454e-01 8.36275239e-03 7.41045773e-01 6.14048958e+00 -5.90121141e-03 9.99964952e-01 -5.93805639e-03 -2.48341367e-01 -7.41069496e-01 -3.86242085e-04 6.71428263e-01 2.95944285e+00
4.38000000e+02 7.39749372e-01 9.51110385e-03 6.72815263e-01 6.16361141e+00 -9.95606650e-03 9.99945343e-01 -3.18897376e-03 -2.49176383e-01 -6.72808826e-01 -4.33955202e-03 7.39803672e-01 2.98722792e+00
4.40000000e+02 7.99120307e-01 7.54393591e-03 6.01123750e-01 6.18696356e+00 -7.37318443e-03 9.99969065e-01 -2.74758902e-03 -2.49843046e-01 -6.01125896e-01 -2.23654206e-03 7.99151242e-01 3.01953459e+00
4.42000000e+02 8.46745551e-01 4.76022344e-03 5.31976819e-01 6.20948219e+00 -4.92934696e-03 9.99987245e-01 -1.10204134e-03 -2.50577271e-01 -5.31975269e-01 -1.68914965e-03 8.46758187e-01 3.05636525e+00
