0.00000000e+00 1.00000000e+00 0.00000000e+00 0.00000000e+00 0.00000000e+00 0.00000000e+00 1.00000000e+00 0.00000000e+00 0.00000000e+00 0.00000000e+00 0.00000000e+00 1.00000000e+00 0.00000000e+00
3.00000000e+00 9.99760151e-01 -7.56679568e-03 2.05505788e-02 1.53288757e-03 7.57416291e-03 9.99971271e-01 -2.80684500e-04 -4.94886946e-04 -2.05478650e-02 4.36270609e-04 9.99788761e-01 4.47044522e-02
4.00000000e+00 9.99787569e-01 -8.99829995e-03 1.85433384e-02 1.74572540e-03 9.03657079e-03 9.99957204e-01 -1.98109099e-03 -4.40868927e-04 -1.85247175e-02 2.14823824e-03 9.99826074e-01 6.00673594e-02
5.00000000e+00 9.99860585e-01 -1.15987211e-02 1.20116631e-02 1.75858708e-03 1.16388565e-02 9.99926925e-01 -3.27688130e-03 -6.44591462e-04 -1.19727775e-02 3.41622648e-03 9.99922514e-01 7.59864673e-02
7.00000000e+00 9.99780774e-01 -1.25595443e-02 -1.67546142e-02 6.84636994e-04 1.24701923e-02 9.99907494e-01 -5.42687532e-03 -1.19184144e-03 1.68212242e-02 5.21675218e-03 9.99844909e-01 1.08382188e-01
9.00000000e+00 9.98417914e-01 -4.52624634e-03 -5.60465269e-02 -2.69219698e-03 4.17085504e-03 9.99970436e-01 -6.45636208e-03 -1.88959367e-03 5.60740940e-02 6.21238584e-03 9.98407304e-01 1.42816260e-01
1.10000000e+01 9.95217919e-01 -5.83031029e-03 -9.75053906e-02 -6.97307289e-03 5.25622489e-03 9.99967337e-01 -6.14356389e-03 -2.37630447e-03 9.75380242e-02 5.60167432e-03 9.95216012e-01 1.79280877e-01
1.20000000e+01 9.93086874e-01 -7.27986777e-03 -1.17155507e-01 -9.90211312e-03 6.68969471e-03 9.99962866e-01 -5.42996032e-03 -2.56451732e-03 1.17190689e-01 4.60868794e-03 9.93098736e-01 1.98465094e-01
1.40000000e+01 9.88572598e-01 -4.96884994e-03 -1.50663808e-01 -1.69283692e-02 4.40135458e-03 9.99981880e-01 -4.09986638e-03 -3.10715009e-03 1.50681451e-01 3.38989077e-03 9.88576531e-01 2.38149703e-01
1.60000000e+01 9.84344780e-01 -6.06782176e-03 -1.76149175e-01 -2.53090486e-02 5.24474448e-03 9.99973059e-01 -5.13781141e-03 -3.80382990e-03 1.76175594e-01 4.13352018e-03 9.84350085e-01 2.80227393e-01
1.80000000e+01 9.81009305e-01 -8.95535573e-03 -1.93753868e-01 -3.42870355e-02 7.28331227e-03 9.99929845e-01 -9.34035704e-03 -4.59092390e-03 1.93823919e-01 7.75180710e-03 9.81005728e-01 3.25432301e-01
2.00000000e+01 9.77685690e-01 -1.00923097e-02 -2.09830463e-01 -4.44710664e-02 7.41975242e-03 9.99881089e-01 -1.35200731e-02 -5.49545372e-03 2.09941953e-01 1.16614923e-02 9.77644324e-01 3.72655720e-01
2.20000000e+01 9.74105120e-01 -2.00828668e-02 -2.25201786e-01 -5.57060726e-02 1.68102607e-02 9.99723554e-01 -1.64401643e-02 -6.55209506e-03 2.25469679e-01 1.22287478e-02 9.74173427e-01 4.22841847e-01
2.40000000e+01 9.70010042e-01 -1.65957827e-02 -2.42497668e-01 -6.95377514e-02 1.12514375e-02 9.99662697e-01 -2.34071463e-02 -7.78274983e-03 2.42804334e-01 1.99767184e-02 9.69869554e-01 4.75336552e-01
2.60000000e+01 9.65491235e-01 -1.66469403e-02 -2.59903073e-01 -8.46013725e-02 9.73693933e-03 9.99564648e-01 -2.78517790e-02 -9.73657146e-03 2.60253578e-01 2.43599880e-02 9.65232968e-01 5.30541718e-01
2.80000000e+01 9.60916758e-01 -1.87686365e-02 -2.76200444e-01 -1.01108089e-01 1.01468712e-02 9.99416590e-01 -3.26117761e-02 -1.18727032e-02 2.76651382e-01 2.85346340e-02 9.60546613e-01 5.87053120e-01
3.00000000e+01 9.56291020e-01 -1.91655699e-02 -2.91787922e-01 -1.19818076e-01 7.43258419e-03 9.99120533e-01 -4.12662737e-02 -1.46281607e-02 2.92322189e-01 3.72938290e-02 9.55592453e-01 6.46438599e-01
3.20000000e+01 9.53241050e-01 -2.10804846e-02 -3.01474869e-01 -1.39719501e-01 4.09450149e-03 9.98373508e-01 -5.68642765e-02 -1.80220325e-02 3.02183270e-01 5.29709719e-02 9.51776922e-01 7.07324147e-01
3.40000000e+01 9.50677872e-01 -2.03552581e-02 -3.09511393e-01 -1.60964519e-01 -2.85092602e-03 9.97228861e-01 -7.43402764e-02 -2.27452107e-02 3.10166895e-01 7.15560466e-02 9.47985351e-01 7.70802081e-01
3.60000000e+01 9.47792172e-01 -1.82251222e-02 -3.18367422e-01 -1.84207752e-01 -1.03485035e-02 9.96081769e-01 -8.78291652e-02 -2.82879137e-02 3.18720698e-01 8.65384191e-02 9.43889916e-01 8.36310387e-01
3.80000000e+01 9.44501996e-01 -1.54347047e-02 -3.28142971e-01 -2.08721116e-01 -1.80630684e-02 9.94944334e-01 -9.87901017e-02 -3.53547409e-02 3.28008771e-01 9.92347151e-02 9.39448118e-01 9.03949261e-01
4.00000000e+01 9.41131532e-01 -1.16421487e-02 -3.37840110e-01 -2.35190988e-01 -2.48355921e-02 9.94324505e-01 -1.03450209e-01 -4.27486002e-02 3.37127090e-01 1.05750710e-01 9.35500979e-01 9.73634362e-01
4.20000000e+01 9.36628819e-01 -1.14085088e-02 -3.50137621e-01 -2.62780458e-01 -2.55567040e-02 9.94581342e-01 -1.00771330e-01 -5.09000272e-02 3.49390000e-01 1.03333697e-01 9.31261957e-01 1.04556394e+00
4.40000000e+01 9.30863023e-01 -1.03341220e-02 -3.65222156e-01 -2.90863872e-01 -2.65527759e-02 9.95043337e-01 -9.58318040e-02 -5.90331592e-02 3.64402205e-01 9.89039466e-02 9.25974667e-01 1.11712611e+00
4.60000000e+01 9.24102366e-01 -5.32710925e-03 -3.82107854e-01 -3.22423965e-01 -2.94175465e-02 9.95944083e-01 -8.50291997e-02 -6.66312128e-02 3.81011039e-01 8.98163617e-02 9.20197606e-01 1.19065177e+00
4.80000000e+01 9.16697025e-01 -7.58951588e-04 -3.99582326e-01 -3.55695516e-01 -3.36435214e-02 9.96300757e-01 -7.90752172e-02 -7.40933120e-02 3.98164183e-01 8.59313756e-02 9.13280368e-01 1.26449001e+00
5.00000000e+01 9.08956707e-01 -2.62159883e-04 -4.16890442e-01 -3.91040981e-01 -3.51203792e-02 9.96396840e-01 -7.72004277e-02 -8.09928849e-02 4.15408552e-01 8.48131999e-02 9.05672371e-01 1.33950758e+00
5.20000000e+01 9.01173353e-01 -1.10685581e-03 -4.33457464e-01 -4.28907454e-01 -3.39865722e-02 9.96737659e-01 -7.32045025e-02 -8.79651755e-02 4.32124406e-01 8.07016790e-02 8.98195803e-01 1.41762769e+00
5.40000000e+01 8.93704295e-01 2.12879409e-03 -4.48651433e-01 -4.68814999e-01 -3.42518017e-02 9.97394145e-01 -6.34963661e-02 -9.45033208e-02 4.47347134e-01 7.21140951e-02 8.91448319e-01 1.49564445e+00
5.60000000e+01 8.86165321e-01 1.50031352e-03 -4.63366717e-01 -5.11660099e-01 -3.18585038e-02 9.97825682e-01 -5.76969571e-02 -1.00615472e-01 4.62272644e-01 6.58912137e-02 8.84286344e-01 1.57639337e+00
5.80000000e+01 8.79762888e-01 1.15591777e-03 -4.75411355e-01 -5.55733919e-01 -3.09418812e-02 9.98016059e-01 -5.48322871e-02 -1.06058910e-01 4.74404782e-01 6.29495308e-02 8.78053248e-01 1.65731657e+00
6.00000000e+01 8.74178290e-01 -9.85365128e-04 -4.85604107e-01 -6.02741778e-01 -2.84436699e-02 9.98177111e-01 -5.32293841e-02 -1.12545937e-01 4.84771341e-01 6.03443347e-02 8.72556746e-01 1.74107349e+00
6.20000000e+01 8.70726943e-01 -2.38620117e-03 -4.91760999e-01 -6.51906967e-01 -2.78474055e-02 9.98144388e-01 -5.41508161e-02 -1.17762819e-01 4.90977705e-01 6.08448423e-02 8.69044781e-01 1.82654476e+00
6.40000000e+01 8.70132625e-01 -2.32412666e-03 -4.92812157e-01 -7.01674402e-01 -2.66857576e-02 9.98299539e-01 -5.18256761e-02 -1.23530641e-01 4.92094606e-01 5.82462773e-02 8.68590951e-01 1.91309619e+00
6.60000000e+01 8.69164824e-01 -3.59243969e-03 -4.94509459e-01 -7.54131138e-01 -2.53294315e-02 9.98337626e-01 -5.17723560e-02 -1.30225703e-01 4.93873388e-01 5.75243533e-02 8.67628992e-01 2.00370359e+00
6.80000000e+01 8.66625905e-01 -6.40547648e-03 -4.98917371e-01 -8.07055473e-01 -2.16296744e-02 9.98495340e-01 -5.03904559e-02 -1.36282548e-01 4.98489439e-01 5.44610955e-02 8.65183353e-01 2.09461308e+00
7.00000000e+01 8.61748159e-01 -5.84809994e-03 -5.07302523e-01 -8.61308098e-01 -1.81488674e-02 9.98938203e-01 -4.23448384e-02 -1.42609403e-01 5.07011533e-01 4.56975549e-02 8.60727072e-01 2.18579650e+00
7.20000000e+01 8.52640450e-01 -8.91389232e-03 -5.22422016e-01 -9.16802645e-01 -1.56576242e-02 9.98969495e-01 -4.25997190e-02 -1.48516878e-01 5.22263408e-01 4.45021316e-02 8.51622283e-01 2.27634835e+00
7.40000000e+01 8.40529561e-01 -1.16714584e-02 -5.41639924e-01 -9.74993169e-01 -1.50523605e-02 9.98878837e-01 -4.48828191e-02 -1.55017734e-01 5.41556537e-01 4.58782986e-02 8.39411557e-01 2.36639571e+00
7.60000000e+01 8.29771996e-01 -3.36876023e-03 -5.58092356e-01 -1.03640664e+00 -1.99128166e-02 9.99166369e-01 -3.56375612e-02 -1.60202622e-01 5.57747185e-01 4.06842418e-02 8.29013228e-01 2.45614505e+00
7.90000000e+01 8.19164991e-01 -8.03212076e-03 -5.73501647e-01 -1.12716258e+00 -2.39928477e-02 9.98546839e-01 -4.82553951e-02 -1.68504611e-01 5.73055863e-01 5.32890670e-02 8.17781925e-01 2.58671904e+00
8.10000000e+01 8.12561035e-01 -7.51373172e-03 -5.82827687e-01 -1.19012606e+00 -2.35675089e-02 9.98675704e-01 -4.57319058e-02 -1.74642608e-01 5.82399487e-01 5.08957617e-02 8.11307847e-01 2.67399049e+00
8.30000000e+01 8.06655407e-01 -2.72451388e-03 -5.91015756e-01 -1.25441146e+00 -2.44677365e-02 9.98978138e-01 -3.80002782e-02 -1.79953083e-01 5.90515316e-01 4.51139472e-02 8.05764496e-01 2.75978899e+00
8.50000000e+01 7.99956143e-01 -3.37711279e-03 -6.00048959e-01 -1.31945157e+00 -2.59829946e-02 9.98851299e-01 -4.02608663e-02 -1.85121745e-01 5.99495649e-01 4.77979966e-02 7.98949540e-01 2.84569931e+00
8.70000000e+01 7.91689336e-01 -8.26856401e-03 -6.10867918e-01 -1.38544631e+00 -2.25738715e-02 9.98829663e-01 -4.27758284e-02 -1.91396773e-01 6.10506654e-01 4.76548225e-02 7.90576160e-01 2.93093395e+00
8.90000000e+01 7.82446086e-01 -7.27589708e-03 -6.22675776e-01 -1.45428264e+00 -2.35975757e-02 9.98867095e-01 -4.13240492e-02 -1.97025001e-01 6.22271061e-01 4.70274799e-02 7.81387985e-01 3.01699948e+00
9.10000000e+01 7.71695554e-01 -1.01487916e-02 -6.35911167e-01 -1.52388072e+00 -2.24052910e-02 9.98818219e-01 -4.31300178e-02 -2.02934086e-01 6.35597348e-01 4.75310162e-02 7.70556152e-01 3.10132647e+00
9.30000000e+01 7.60489047e-01 -1.34963822e-02 -6.49210453e-01 -1.59556711e+00 -2.08410677e-02 9.98761594e-01 -4.51765247e-02 -2.08920911e-01 6.49016201e-01 4.78864908e-02 7.59266019e-01 3.18525743e+00
9.50000000e+01 7.48030961e-01 -1.60155538e-02 -6.63470507e-01 -1.66763318e+00 -1.93274282e-02 9.98759031e-01 -4.58998457e-02 -2.15539590e-01 6.63382292e-01 4.71576862e-02 7.46793211e-01 3.26776147e+00
9.70000000e+01 7.35543787e-01 -1.65850352e-02 -6.77274168e-01 -1.74466634e+00 -1.73602719e-02 9.98910606e-01 -4.33151163e-02 -2.22015649e-01 6.77254736e-01 4.36178260e-02 7.34454572e-01 3.35010719e+00
9.90000000e+01 7.22242951e-01 -2.01996677e-02 -6.91344380e-01 -1.82127702e+00 -1.59346350e-02 9.98822153e-01 -4.58303466e-02 -2.28055745e-01 6.91455841e-01 4.41169664e-02 7.21070409e-01 3.43140531e+00
1.02000000e+02 7.05831528e-01 -1.89027861e-02 -7.08127499e-01 -1.94183338e+00 -1.75519362e-02 9.98870313e-01 -4.41589169e-02 -2.38035411e-01 7.08162248e-01 4.35977653e-02 7.04702377e-01 3.55154443e+00
1.04000000e+02 6.96090102e-01 -2.17742324e-02 -7.17624187e-01 -2.02532530e+00 -1.88060049e-02 9.98644054e-01 -4.85426523e-02 -2.43934959e-01 7.17708111e-01 4.72857058e-02 6.94736779e-01 3.63138413e+00
1.06000000e+02 6.85716510e-01 -2.49708835e-02 -7.27440238e-01 -2.11051106e+00 -1.81709640e-02 9.98512566e-01 -5.14047369e-02 -2.50972688e-01 7.27641821e-01 4.84673679e-02 6.84242845e-01 3.71184206e+00
1.08000000e+02 6.75518870e-01 -2.47794334e-02 -7.36926198e-01 -2.19695973e+00 -1.68257114e-02 9.98656869e-01 -4.90038730e-02 -2.57757604e-01 7.37150669e-01 4.55023497e-02 6.74194634e-01 3.79129171e+00
1.10000000e+02 6.65675163e-01 -2.66868304e-02 -7.45764315e-01 -2.28610325e+00 -1.56467576e-02 9.98641491e-01 -4.97023426e-02 -2.64836252e-01 7.46077597e-01 4.47544083e-02 6.64353251e-01 3.87067819e+00
1.12000000e+02 6.57453537e-01 -2.85939761e-02 -7.52952337e-01 -2.37765408e+00 -1.31980162e-02 9.98689413e-01 -4.94501181e-02 -2.71793664e-01 7.53379524e-01 4.24486324e-02 6.56214476e-01 3.94953632e+00
1.14000000e+02 6.49449408e-01 -3.52634490e-02 -7.59586692e-01 -2.46706247e+00 -8.69493932e-03 9.98514414e-01 -5.37897609e-02 -2.79067457e-01 7.60355055e-01 4.15382907e-02 6.48178041e-01 4.02543926e+00
1.17000000e+02 6.29853189e-01 -4.67508398e-02 -7.75305986e-01 -2.60386539e+00 5.13319997e-03 9.98415649e-01 -5.60341440e-02 -2.90374547e-01 7.76697278e-01 3.13134827e-02 6.29095256e-01 4.13908577e+00
1.19000000e+02 6.12081170e-01 -4.64488417e-02 -7.89429605e-01 -2.69875479e+00 9.08875000e-03 9.98620749e-01 -5.17104045e-02 -2.98260570e-01 7.90742695e-01 2.44760364e-02 6.11659169e-01 4.21244431e+00
1.22000000e+02 5.83707035e-01 -4.96295355e-02 -8.10446203e-01 -2.84376526e+00 7.86770601e-03 9.98429120e-01 -5.54745495e-02 -3.09221834e-01 8.11926246e-01 2.60045324e-02 5.83180547e-01 4.31822491e+00
1.24000000e+02 5.64277589e-01 -5.18425629e-02 -8.23955774e-01 -2.94382358e+00 1.09242564e-02 9.98407960e-01 -5.53375743e-02 -3.17208529e-01 8.25512826e-01 2.22246479e-02 5.63945591e-01 4.38635445e+00
1.26000000e+02 5.43773174e-01 -5.26826307e-02 -8.37577045e-01 -3.04612112e+00 1.25526665e-02 9.98426616e-01 -5.46504222e-02 -3.25274855e-01 8.39138329e-01 1.92036070e-02 5.43578923e-01 4.45315886e+00
1.28000000e+02 5.23081422e-01 -5.41783199e-02 -8.50558937e-01 -3.15042114e+00 1.09078409e-02 9.98321295e-01 -5.68822213e-02 -3.33306700e-01 8.52212906e-01 2.04762723e-02 5.22794306e-01 4.51859331e+00
1.30000000e+02 5.03577173e-01 -5.50836176e-02 -8.62192452e-01 -3.25590754e+00 9.12907068e-03 9.98248935e-01 -5.84439971e-02 -3.41887712e-01 8.63902032e-01 2.15600468e-02 5.03198266e-01 4.58051682e+00
1.32000000e+02 4.86698031e-01 -5.11107333e-02 -8.72073770e-01 -3.36280823e+00 8.71457160e-03 9.98521328e-01 -5.36580645e-02 -3.50339949e-01 8.73526812e-01 1.85155254e-02 4.86423790e-01 4.64044952e+00
1.34000000e+02 4.71564859e-01 -5.48409298e-02 -8.80124450e-01 -3.47175264e+00 1.14238346e-02 9.98360515e-01 -5.60874529e-02 -3.58460337e-01 8.81757379e-01 1.63944773e-02 4.71418232e-01 4.69889832e+00
1.36000000e+02 4.58148658e-01 -6.10065870e-02 -8.86779547e-01 -3.58206606e+00 1.50321340e-02 9.98031020e-01 -6.08939566e-02 -3.67093593e-01 8.88748467e-01 1.45682953e-02 4.58163649e-01 4.75696659e+00
1.38000000e+02 4.47799325e-01 -6.54795021e-02 -8.91733289e-01 -3.69219589e+00 2.06923410e-02 9.97806728e-01 -6.28774017e-02 -3.77054721e-01 8.93894613e-01 9.70440917e-03 4.48172092e-01 4.81261539e+00
1.39000000e+02 4.43020254e-01 -6.29670620e-02 -8.94297600e-01 -3.74764442e+00 2.27142330e-02 9.97998536e-01 -5.90163395e-02 -3.81650448e-01 8.96223843e-01 5.83214918e-03 4.43563819e-01 4.84073973e+00
1.41000000e+02 4.35832858e-01 -6.09638616e-02 -8.97960544e-01 -3.85710239e+00 2.68129800e-02 9.98139977e-01 -5.47512807e-02 -3.89811724e-01 8.99628162e-01 -2.14590822e-04 4.36656803e-01 4.89474010e+00
1.43000000e+02 4.30790454e-01 -5.93502969e-02 -9.00498271e-01 -3.96715117e+00 2.99645513e-02 9.98225629e-01 -5.14565632e-02 -3.98754746e-01 9.01954412e-01 -4.81603108e-03 4.31804448e-01 4.94695187e+00
1.45000000e+02 4.25907254e-01 -5.96819296e-02 -9.02796268e-01 -4.07725239e+00 3.35481465e-02 9.98177588e-01 -5.01605570e-02 -4.06360149e-01 9.04144645e-01 -8.92339647e-03 4.27133292e-01 4.99903154e+00
1.47000000e+02 4.21547323e-01 -5.97782098e-02 -9.04833913e-01 -4.18626261e+00 3.99247706e-02 9.98080730e-01 -4.73382995e-02 -4.13494468e-01 9.05927062e-01 -1.61699522e-02 4.23124880e-01 5.04913759e+00
1.49000000e+02 4.18218166e-01 -6.06982410e-02 -9.06316340e-01 -4.29270840e+00 4.45008762e-02 9.97935891e-01 -4.62993719e-02 -4.20435935e-01 9.07255888e-01 -2.09686328e-02 4.20056045e-01 5.09747171e+00
1.51000000e+02 4.15957361e-01 -6.24802746e-02 -9.07235205e-01 -4.39498234e+00 4.49244492e-02 9.97830689e-01 -4.81221192e-02 -4.27729934e-01 9.08273757e-01 -2.07402911e-02 4.17861909e-01 5.14439869e+00
1.53000000e+02 4.18397278e-01 -6.35188669e-02 -9.06040311e-01 -4.49350882e+00 4.24435884e-02 9.97829139e-01 -5.03539294e-02 -4.34229434e-01 9.07271862e-01 -1.73876565e-02 4.20184970e-01 5.18980217e+00
1.55000000e+02 4.27574903e-01 -6.55991286e-02 -9.01596606e-01 -4.59239817e+00 4.07515019e-02 9.97748315e-01 -5.32689504e-02 -4.41105425e-01 9.03060913e-01 -1.39649520e-02 4.29285407e-01 5.23581123e+00
1.57000000e+02 4.40180004e-01 -6.33401275e-02 -8.95672679e-01 -4.68822813e+00 3.82012352e-02 9.97926712e-01 -5.17972484e-02 -4.48976964e-01 8.97096574e-01 -1.14156911e-02 4.41687047e-01 5.28240919e+00
1.59000000e+02 4.57492292e-01 -6.17651381e-02 -8.87065887e-01 -4.78174353e+00 3.66427861e-02 9.98046815e-01 -5.05945608e-02 -4.55710053e-01 8.88458252e-01 -9.35794320e-03 4.58861977e-01 5.32905293e+00
1.61000000e+02 4.76299226e-01 -6.16788231e-02 -8.77117276e-01 -4.87308884e+00 3.44606526e-02 9.98079717e-01 -5.14717922e-02 -4.62646335e-01 8.78607690e-01 -5.71006071e-03 4.77510095e-01 5.37825871e+00
1.63000000e+02 4.98007208e-01 -6.35934770e-02 -8.64837945e-01 -4.96192646e+00 3.01247872e-02 9.97974157e-01 -5.60362600e-02 -4.69772995e-01 8.66649508e-01 1.85340014e-03 4.98914063e-01 5.42790127e+00
1.65000000e+02 5.23249209e-01 -5.94141521e-02 -8.50106001e-01 -5.04951525e+00 2.67950352e-02 9.98220384e-01 -5.32732867e-02 -4.76804793e-01 8.51758361e-01 5.09658456e-03 5.23910046e-01 5.47963953e+00
1.67000000e+02 5.48081458e-01 -5.53833991e-02 -8.34589362e-01 -5.13460922e+00 2.50585750e-02 9.98444796e-01 -4.98006865e-02 -4.84061539e-01 8.36049497e-01 6.38121367e-03 5.48616886e-01 5.53332901e+00
1.68000000e+02 5.59367239e-01 -5.50549924e-02 -8.27089608e-01 -5.17627954e+00 2.45265272e-02 9.98454332e-01 -4.98743542e-02 -4.87612545e-01 8.28557014e-01 7.61244632e-03 5.59852958e-01 5.56154490e+00
1.69000000e+02 5.70859432e-01 -5.55381440e-02 -8.19167256e-01 -5.21700954e+00 2.41730660e-02 9.98413980e-01 -5.08450940e-02 -4.91097510e-01 8.20691884e-01 9.22361761e-03 5.71296573e-01 5.58911991e+00
1.70000000e+02 5.81862748e-01 -5.72178401e-02 -8.11271787e-01 -5.25710773e+00 2.65669823e-02 9.98326957e-01 -5.13561256e-02 -4.94473368e-01 8.12852979e-01 8.32917169e-03 5.82409382e-01 5.61758995e+00
1.71000000e+02 5.92833817e-01 -5.69916442e-02 -8.03305686e-01 -5.29670048e+00 2.68157013e-02 9.98336613e-01 -5.10385893e-02 -4.97871280e-01 8.04878235e-01 8.71619675e-03 5.93375981e-01 5.64660215e+00
1.72000000e+02 6.03439748e-01 -5.42976595e-02 -7.95557797e-01 -5.33543205e+00 2.57220212e-02 9.98485267e-01 -4.86372225e-02 -5.01235843e-01 7.96993613e-01 8.88627954e-03 6.03922367e-01 5.67534113e+00
1.73000000e+02 6.13719583e-01 -5.15834205e-02 -7.87837148e-01 -5.37352943e+00 2.61048190e-02 9.98643577e-01 -4.50504422e-02 -5.04481912e-01 7.89092362e-01 7.08199292e-03 6.14233732e-01 5.70457363e+00
1.74000000e+02 6.23538077e-01 -5.03768437e-02 -7.80168235e-01 -5.41074848e+00 2.54416000e-02 9.98700738e-01 -4.41540480e-02 -5.07388651e-01 7.81378925e-01 7.68300099e-03 6.24009609e-01 5.73386288e+00
1.75000000e+02 6.33822381e-01 -4.97026220e-02 -7.71880090e-01 -5.44743490e+00 2.32067313e-02 9.98705983e-01 -4.52523194e-02 -5.10325313e-01 7.73130417e-01 1.07691176e-02 6.34155631e-01 5.76315403e+00
1.76000000e+02 6.43133938e-01 -4.93270978e-02 -7.64163315e-01 -5.48309231e+00 2.15345547e-02 9.98693466e-01 -4.63422500e-02 -5.13226807e-01 7.65450895e-01 1.33483559e-02 6.43355906e-01 5.79306889e+00
1.77000000e+02 6.52571380e-01 -4.83681597e-02 -7.56181896e-01 -5.51845360e+00 2.11240407e-02 9.98733997e-01 -4.56530079e-02 -5.16302228e-01 7.57432759e-01 1.38182295e-02 6.52766943e-01 5.82308578e+00
1.78000000e+02 6.61823988e-01 -4.62536998e-02 -7.48230994e-01 -5.55284882e+00 2.05134600e-02 9.98838425e-01 -4.36010696e-02 -5.19120276e-01 7.49378562e-01 1.35074286e-02 6.62004054e-01 5.85314751e+00
1.79000000e+02 6.70363963e-01 -4.47977483e-02 -7.40678966e-01 -5.58649158e+00 2.10952144e-02 9.98923063e-01 -4.13242914e-02 -5.21908045e-01 7.41732538e-01 1.20775346e-02 6.70587063e-01 5.88379002e+00
1.80000000e+02 6.78413630e-01 -4.41010185e-02 -7.33355343e-01 -5.61948156e+00 2.11460069e-02 9.98955309e-01 -4.05113362e-02 -5.24504185e-01 7.34375775e-01 1.19759049e-02 6.78637445e-01 5.91412306e+00
1.81000000e+02 6.86273158e-01 -4.34429944e-02 -7.26045370e-01 -5.65202284e+00 1.99902300e-02 9.98964131e-01 -4.08779383e-02 -5.26811719e-01 7.27069139e-01 1.35396160e-02 6.86430693e-01 5.94454908e+00
1.83000000e+02 7.00975478e-01 -3.99943590e-02 -7.12063074e-01 -5.71564198e+00 1.87592991e-02 9.99114871e-01 -3.76499705e-02 -5.31646609e-01 7.12938607e-01 1.30339023e-02 7.01105297e-01 6.00563765e+00
1.85000000e+02 7.15580285e-01 -3.55863683e-02 -6.97623432e-01 -5.77654219e+00 1.68422367e-02 9.99290109e-01 -3.36988866e-02 -5.36547899e-01 6.98327422e-01 1.23647200e-02 7.15671659e-01 6.06720400e+00
1.87000000e+02 7.31246114e-01 -3.13868709e-02 -6.81391239e-01 -5.83562613e+00 1.31469816e-02 9.99403775e-01 -3.19265574e-02 -5.41221142e-01 6.81987047e-01 1.43879335e-02 7.31222749e-01 6.12868071e+00
1.89000000e+02 7.49581337e-01 -2.50694398e-02 -6.61437333e-01 -5.89138269e+00 1.07920272e-02 9.99612570e-01 -2.56565865e-02 -5.45138359e-01 6.61824286e-01 1.20934490e-02 7.49561489e-01 6.19050264e+00
1.91000000e+02 7.69744098e-01 -2.20009703e-02 -6.37973368e-01 -5.94441366e+00 7.20571540e-03 9.99641716e-01 -2.57793386e-02 -5.48716187e-01 6.38311923e-01 1.52464397e-02 7.69626796e-01 6.25196409e+00
1.93000000e+02 7.89535046e-01 -2.21277885e-02 -6.13306463e-01 -5.99418354e+00 6.91916700e-03 9.99607205e-01 -2.71579940e-02 -5.52148819e-01 6.13666534e-01 1.71986166e-02 7.89377987e-01 6.31482983e+00
1.95000000e+02 8.09905648e-01 -1.87947713e-02 -5.86259007e-01 -6.04185343e+00 6.81960629e-03 9.99720693e-01 -2.26287097e-02 -5.55427730e-01 5.86520553e-01 1.43290637e-02 8.09807599e-01 6.37828875e+00
1.97000000e+02 8.28684986e-01 -1.60411503e-02 -5.59485376e-01 -6.08689690e+00 7.61924451e-03 9.99819934e-01 -1.73808094e-02 -5.58217287e-01 5.59663415e-01 1.01403594e-02 8.28657985e-01 6.44256926e+00
1.99000000e+02 8.43964159e-01 -1.56627279e-02 -5.36170900e-01 -6.12954521e+00 9.77508537e-03 9.99856710e-01 -1.38214538e-02 -5.60662270e-01 5.36310554e-01 6.42369501e-03 8.43996286e-01 6.50896215e+00
2.01000000e+02 8.57304871e-01 -1.43508725e-02 -5.14609039e-01 -6.17129660e+00 8.49455595e-03 9.99869645e-01 -1.37319351e-02 -5.62754452e-01 5.14738977e-01 7.40107894e-03 8.57315004e-01 6.57654285e+00
2.03000000e+02 8.70272517e-01 -1.11169172e-02 -4.92445081e-01 -6.21175003e+00 5.78625593e-03 9.99907017e-01 -1.23470910e-02 -5.64734578e-01 4.92536575e-01 7.89592043e-03 8.70255947e-01 6.64583588e+00
2.05000000e+02 8.81041169e-01 -1.31161800e-02 -4.72857714e-01 -6.25047302e+00 7.73832481e-03 9.99881387e-01 -1.33165661e-02 -5.67134023e-01 4.72976267e-01 8.07331689e-03 8.81038189e-01 6.71735191e+00
2.08000000e+02 8.92263412e-01 -1.06804650e-02 -4.51388896e-01 -6.30774117e+00 7.06788898e-03 9.99928057e-01 -9.68849286e-03 -5.70091903e-01 4.51459914e-01 5.45432139e-03 8.92274737e-01 6.82630539e+00
2.10000000e+02 8.98490489e-01 -4.27066442e-03 -4.38972175e-01 -6.34451771e+00 3.50502203e-03 9.99990582e-01 -2.55459291e-03 -5.71446717e-01 4.38978970e-01 7.56670372e-04 8.98497045e-01 6.90123749e+00
2.13000000e+02 9.08186018e-01 1.61486841e-03 -4.18563664e-01 -6.40051079e+00 2.71097000e-04 9.99990106e-01 4.44629835e-03 -5.72474778e-01 4.18566674e-01 -4.15153755e-03 9.08176601e-01 7.01910734e+00
2.15000000e+02 9.15088475e-01 1.19359128e-03 -4.03251320e-01 -6.43703222e+00 1.94888865e-03 9.99970853e-01 7.38239847e-03 -5.73023438e-01 4.03248399e-01 -7.54143996e-03 9.15059507e-01 7.10119152e+00
2.17000000e+02 9.22412634e-01 -1.72711594e-03 -3.86201888e-01 -6.47235823e+00 4.77539748e-03 9.99964535e-01 6.93376316e-03 -5.73134899e-01 3.86176229e-01 -8.24005902e-03 9.22388196e-01 7.18527365e+00
2.20000000e+02 9.35956240e-01 -2.28007184e-03 -3.52108985e-01 -6.52432251e+00 3.52854701e-03 9.99989569e-01 2.90398044e-03 -5.74011743e-01 3.52098674e-01 -3.96043155e-03 9.35954511e-01 7.31678200e+00
2.22000000e+02 9.48337615e-01 4.78639035e-03 -3.17226857e-01 -6.55737352e+00 -2.69992230e-03 9.99971747e-01 7.01648416e-03 -5.74570000e-01 3.17251474e-01 -5.79750817e-03 9.48323727e-01 7.40938759e+00
2.25000000e+02 9.67004240e-01 1.12149827e-02 -2.54513323e-01 -6.60055351e+00 -8.77774321e-03 9.99904096e-01 1.07098231e-02 -5.74640334e-01 2.54609019e-01 -8.12239200e-03 9.67009962e-01 7.55413771e+00
2.28000000e+02 9.82002437e-01 1.71478614e-02 -1.88088253e-01 -6.63442183e+00 -1.34106316e-02 9.99686897e-01 2.11242307e-02 -5.74433148e-01 1.88391596e-01 -1.82216633e-02 9.81924951e-01 7.70502901e+00
2.31000000e+02 9.92437422e-01 2.03003101e-02 -1.21061601e-01 -6.65909576e+00 -1.77654866e-02 9.99600530e-01 2.19810940e-02 -5.72849870e-01 1.21459469e-01 -1.96641423e-02 9.92401600e-01 7.86431646e+00
2.34000000e+02 9.98044133e-01 1.94869433e-02 -5.93985729e-02 -6.67507362e+00 -1.80841926e-02 9.99546885e-01 2.40627192e-02 -5.69718122e-01 5.98405674e-02 -2.29414813e-02 9.97944295e-01 8.03345585e+00
2.37000000e+02 9.99744236e-01 2.24767365e-02 2.49879668e-03 -6.68067122e+00 -2.25343723e-02 9.99405026e-01 2.61109974e-02 -5.67738891e-01 -1.91041990e-03 -2.61606295e-02 9.99655902e-01 8.20667076e+00
2.40000000e+02 9.97669220e-01 2.59127729e-02 6.31238446e-02 -6.67596292e+00 -2.73278672e-02 9.99391854e-01 2.16583628e-02 -5.65271974e-01 -6.25242293e-02 -2.33329218e-02 9.97770667e-01 8.38774109e+00
2.43000000e+02 9.92375851e-01 2.83118878e-02 1.19952686e-01 -6.65903711e+00 -3.02219130e-02 9.99443293e-01 1.41336611e-02 -5.63972592e-01 -1.19485758e-01 -1.76511034e-02 9.92679000e-01 8.56922913e+00
2.46000000e+02 9.84243929e-01 3.36714871e-02 1.73580319e-01 -6.63058567e+00 -3.36354636e-02 9.99429226e-01 -3.14993388e-03 -5.65648973e-01 -1.73587307e-01 -2.73815147e-03 9.84814703e-01 8.75723743e+00
2.49000000e+02 9.73346770e-01 3.71788219e-02 2.26304650e-01 -6.59206963e+00 -3.57991979e-02 9.99306977e-01 -1.01987394e-02 -5.68990231e-01 -2.26526991e-01 1.82538561e-03 9.74003196e-01 8.95334148e+00
2.51000000e+02 9.64763761e-01 3.70540991e-02 2.60495514e-01 -6.55964851e+00 -3.39442939e-02 9.99288678e-01 -1.64283756e-02 -5.71512341e-01 -2.60918945e-01 7.00716488e-03 9.65335250e-01 9.08641720e+00
2.53000000e+02 9.55100954e-01 4.04659025e-02 2.93504119e-01 -6.52215290e+00 -3.59345078e-02 9.99137282e-01 -2.08171140e-02 -5.76174259e-01 -2.94093311e-01 9.33551788e-03 9.55731094e-01 9.21569252e+00
2.55000000e+02 9.43509459e-01 4.64740917e-02 3.28070134e-01 -6.47861671e+00 -4.06045057e-02 9.98869419e-01 -2.47227941e-02 -5.80905616e-01 -3.28848183e-01 1.00050634e-02 9.44329798e-01 9.34779072e+00
2.57000000e+02 9.30646837e-01 4.85895723e-02 3.62678170e-01 -6.43105984e+00 -4.00510989e-02 9.98715699e-01 -3.10295448e-02 -5.86898208e-01 -3.63720119e-01 1.43518895e-02 9.31397736e-01 9.48196983e+00
2.60000000e+02 9.05990720e-01 5.59777655e-02 4.19579953e-01 -6.34790897e+00 -4.01522368e-02 9.98112738e-01 -4.64621037e-02 -5.97100377e-01 -4.21388954e-01 2.52471603e-02 9.06528533e-01 9.68055725e+00
2.63000000e+02 8.67570460e-01 6.77893087e-02 4.92672443e-01 -6.24966526e+00 -4.70356271e-02 9.97410178e-01 -5.44114634e-02 -6.10247970e-01 -4.95085001e-01 2.40326207e-02 8.68512094e-01 9.87545300e+00
2.65000000e+02 8.38183939e-01 7.28949010e-02 5.40494263e-01 -6.17329550e+00 -4.78218310e-02 9.97033715e-01 -6.03062548e-02 -6.20288849e-01 -5.43287039e-01 2.47003082e-02 8.39183569e-01 1.00054855e+01
2.67000000e+02 8.06618929e-01 7.70566836e-02 5.86027443e-01 -6.09020138e+00 -4.56971675e-02 9.96628106e-01 -6.81480989e-02 -6.31421328e-01 -5.89302659e-01 2.81897560e-02 8.07420373e-01 1.01295099e+01
2.69000000e+02 7.74489880e-01 8.14866796e-02 6.27315998e-01 -5.99949932e+00 -4.23823111e-02 9.96124566e-01 -7.70683587e-02 -6.43828988e-01 -6.31164968e-01 3.31015550e-02 7.74941981e-01 1.02501974e+01
2.71000000e+02 7.42835522e-01 8.36463720e-02 6.64227903e-01 -5.90323257e+00 -3.86122353e-02 9.95865285e-01 -8.22277740e-02 -6.57771468e-01 -6.68359518e-01 3.54343876e-02 7.42993891e-01 1.03644161e+01
2.73000000e+02 7.12704182e-01 8.49199668e-02 6.96305513e-01 -5.80006981e+00 -3.40113044e-02 9.95661020e-01 -8.66164267e-02 -6.72642469e-01 -7.00639725e-01 3.80496308e-02 7.12499976e-01 1.04754095e+01
2.75000000e+02 6.83736622e-01 8.86355266e-02 7.24325895e-01 -5.69057798e+00 -2.85019875e-02 9.95082200e-01 -9.48630720e-02 -6.87696815e-01 -7.29172051e-01 4.42166291e-02 6.82900429e-01 1.05824957e+01
2.77000000e+02 6.53607368e-01 9.13430080e-02 7.51301467e-01 -5.57622910e+00 -2.51848269e-02 9.94765341e-01 -9.90333110e-02 -7.04269886e-01 -7.56414652e-01 4.58075032e-02 6.52486384e-01 1.06874533e+01
2.79000000e+02 6.20072007e-01 9.33570638e-02 7.78970540e-01 -5.45841980e+00 -2.67004110e-02 9.94830787e-01 -9.79732797e-02 -7.21241176e-01 -7.84090400e-01 3.99516560e-02 6.19359434e-01 1.07869501e+01
2.81000000e+02 5.84980011e-01 9.60509703e-02 8.05340052e-01 -5.33983326e+00 -3.10937781e-02 9.94888604e-01 -9.60721821e-02 -7.38658130e-01 -8.10451448e-01 3.11592463e-02 5.84976554e-01 1.08783865e+01
2.83000000e+02 5.48908114e-01 1.02579676e-01 8.29564512e-01 -5.21775627e+00 -3.36499400e-02 9.94348586e-01 -1.00690454e-01 -7.56025136e-01 -8.35205138e-01 2.73550078e-02 5.49257815e-01 1.09650307e+01
2.85000000e+02 5.08738160e-01 1.02014534e-01 8.54855835e-01 -5.09325075e+00 -3.54367085e-02 9.94594514e-01 -9.76013616e-02 -7.74202704e-01 -8.60191643e-01 1.93602610e-02 5.09603262e-01 1.10445137e+01
2.87000000e+02 4.66333151e-01 9.91567150e-02 8.79034340e-01 -4.96642685e+00 -3.59657258e-02 9.95001554e-01 -9.31579918e-02 -7.91319966e-01 -8.83877754e-01 1.18275490e-02 4.67568427e-01 1.11169662e+01
2.89000000e+02 4.23473299e-01 9.75839719e-02 9.00637388e-01 -4.83636713e+00 -3.35900448e-02 9.95189071e-01 -9.20348391e-02 -8.07895601e-01 -9.05285656e-01 8.72184522e-03 4.24713850e-01 1.11832905e+01
2.91000000e+02 3.82329017e-01 9.75583568e-02 9.18861747e-01 -4.70701170e+00 -2.92344633e-02 9.95190144e-01 -9.34982151e-02 -8.24169099e-01 -9.23563659e-01 8.88465159e-03 3.83342147e-01 1.12404251e+01
2.93000000e+02 3.40664566e-01 9.54574272e-02 9.35326457e-01 -4.57641745e+00 -2.33584959e-02 9.95384693e-01 -9.30792093e-02 -8.39737535e-01 -9.39894676e-01 9.86097101e-03 3.41322035e-01 1.12920570e+01
2.95000000e+02 3.00060064e-01 1.00163542e-01 9.48647022e-01 -4.44619513e+00 -2.25416999e-02 9.94938850e-01 -9.79212821e-02 -8.55688632e-01 -9.53653932e-01 7.99814984e-03 3.00799280e-01 1.13366556e+01
2.97000000e+02 2.61526555e-01 1.17124937e-01 9.58063483e-01 -4.31790590e+00 -2.57363003e-02 9.93103266e-01 -1.14383265e-01 -8.72203410e-01 -9.64853108e-01 5.25725260e-03 2.62737244e-01 1.13747530e+01
2.99000000e+02 2.22310722e-01 1.22076117e-01 9.67303157e-01 -4.19297838e+00 -2.99733747e-02 9.92517114e-01 -1.18369550e-01 -8.90167236e-01 -9.74515021e-01 -2.67852098e-03 2.24306226e-01 1.14067335e+01
3.01000000e+02 1.83001459e-01 1.22284241e-01 9.75477874e-01 -4.06704903e+00 -3.51793915e-02 9.92413104e-01 -1.17807500e-01 -9.08271015e-01 -9.82483029e-01 -1.27577754e-02 1.85914934e-01 1.14343271e+01
3.03000000e+02 1.45696148e-01 1.20635323e-01 9.81946945e-01 -3.94259596e+00 -3.48556414e-02 9.92547631e-01 -1.16765954e-01 -9.25750971e-01 -9.88715172e-01 -1.72140393e-02 1.48815185e-01 1.14558935e+01
3.05000000e+02 1.08209014e-01 1.24074437e-01 9.86355066e-01 -3.81854010e+00 -3.69255804e-02 9.91997957e-01 -1.20733306e-01 -9.43537176e-01 -9.93442178e-01 -2.33573020e-02 1.11924641e-01 1.14727592e+01
3.07000000e+02 7.26205185e-02 1.23252697e-01 9.89714622e-01 -3.69538069e+00 -3.65052186e-02 9.91998255e-01 -1.20858513e-01 -9.60122228e-01 -9.96691346e-01 -2.73529422e-02 7.65387937e-02 1.14847202e+01
3.09000000e+02 4.36008684e-02 1.14723541e-01 9.92440164e-01 -3.57462096e+00 -3.30798365e-02 9.93005931e-01 -1.13335647e-01 -9.76649344e-01 -9.98501241e-01 -2.78882273e-02 4.70909551e-02 1.14916325e+01
3.11000000e+02 2.06360761e-02 1.11768097e-01 9.93520021e-01 -3.45644236e+00 -3.05531342e-02 9.93337989e-01 -1.11113004e-01 -9.92225885e-01 -9.99320090e-01 -2.80622132e-02 2.39134654e-02 1.14955359e+01
3.13000000e+02 5.55015355e-03 1.15868017e-01 9.93249118e-01 -3.34051609e+00 -3.15537006e-02 9.92790103e-01 -1.15638152e-01 -1.00755334e+00 -9.99486625e-01 -3.06988750e-02 9.16620251e-03 1.14977579e+01
3.15000000e+02 -5.33222174e-03 1.28295094e-01 9.91721690e-01 -3.22709656e+00 -3.14628556e-02 9.91223276e-01 -1.28399774e-01 -1.02374840e+00 -9.99490678e-01 -3.18870544e-02 -1.24889228e-03 1.14983683e+01
3.17000000e+02 -1.41417570e-02 1.22905374e-01 9.92317617e-01 -3.11570382e+00 -3.26517820e-02 9.91830826e-01 -1.23310409e-01 -1.03900111e+00 -9.99366760e-01 -3.41447666e-02 -1.00131510e-02 1.14986820e+01
3.19000000e+02 -1.76006071e-02 1.10050276e-01 9.93770182e-01 -3.00559998e+00 -3.06774657e-02 9.93396759e-01 -1.10552251e-01 -1.05332077e+00 -9.99374390e-01 -3.24321352e-02 -1.41083216e-02 1.14973288e+01
3.21000000e+02 -1.66245941e-02 1.15138978e-01 9.93210256e-01 -2.89782238e+00 -3.13298516e-02 9.92799819e-01 -1.15615800e-01 -1.06729960e+00 -9.99370813e-01 -3.30391973e-02 -1.28976060e-02 1.14960632e+01
3.23000000e+02 -1.30998222e-02 1.18673488e-01 9.92846906e-01 -2.79172707e+00 -3.57982256e-02 9.92239892e-01 -1.19073264e-01 -1.08144891e+00 -9.99273181e-01 -3.71019952e-02 -8.74986593e-03 1.14958086e+01
3.25000000e+02 -5.96478907e-03 1.21102706e-01 9.92622077e-01 -2.68651700e+00 -3.95902023e-02 9.91832852e-01 -1.21244319e-01 -1.09569716e+00 -9.99198198e-01 -4.00213040e-02 -1.12159341e-03 1.14961147e+01
3.27000000e+02 4.91349772e-03 1.21620893e-01 9.92564440e-01 -2.58332038e+00 -4.26477082e-02 9.91698861e-01 -1.21303707e-01 -1.10946417e+00 -9.99078095e-01 -4.17345762e-02 1.00595625e-02 1.14976549e+01
3.30000000e+02 2.56190822e-02 1.20581947e-01 9.92372751e-01 -2.43281746e+00 -3.91808897e-02 9.92056906e-01 -1.19532079e-01 -1.13005543e+00 -9.98903632e-01 -3.58197428e-02 3.01400963e-02 1.15029249e+01
3.33000000e+02 4.60417643e-02 1.17019296e-01 9.92061794e-01 -2.28260684e+00 -4.28438522e-02 9.92432475e-01 -1.15074627e-01 -1.15051126e+00 -9.98020291e-01 -3.72055098e-02 5.07068969e-02 1.15105095e+01
3.36000000e+02 6.71564192e-02 1.18227132e-01 9.90713060e-01 -2.13374281e+00 -4.28733155e-02 9.92379487e-01 -1.15519784e-01 -1.16983557e+00 -9.96820867e-01 -3.47172581e-02 7.17134476e-02 1.15207911e+01
3.38000000e+02 7.99743161e-02 1.21883951e-01 9.89317119e-01 -2.03528309e+00 -4.55025807e-02 9.91907954e-01 -1.18524805e-01 -1.18246639e+00 -9.95757818e-01 -3.55375409e-02 8.48731920e-02 1.15296516e+01
3.40000000e+02 9.35620219e-02 1.21565461e-01 9.88163948e-01 -1.93723571e+00 -4.77978177e-02 9.91921663e-01 -1.17502116e-01 -1.19577634e+00 -9.94465470e-01 -3.62383462e-02 9.86167639e-02 1.15398273e+01
3.42000000e+02 1.06493846e-01 1.18151456e-01 9.87268627e-01 -1.83955920e+00 -4.91427071e-02 9.92326915e-01 -1.13455929e-01 -1.20824635e+00 -9.93098199e-01 -3.64346951e-02 1.11482993e-01 1.15510731e+01
3.44000000e+02 1.19990900e-01 1.18579388e-01 9.85667825e-01 -1.74223709e+00 -4.88327406e-02 9.92344320e-01 -1.13437898e-01 -1.22086418e+00 -9.91573274e-01 -3.45213488e-02 1.24862842e-01 1.15637398e+01
3.46000000e+02 1.36265278e-01 1.20258227e-01 9.83346164e-01 -1.64537370e+00 -4.45782058e-02 9.92343724e-01 -1.15181245e-01 -1.23346233e+00 -9.89668906e-01 -2.81406045e-02 1.40582889e-01 1.15777731e+01
3.48000000e+02 1.55280083e-01 1.24004923e-01 9.80056584e-01 -1.54827583e+00 -4.57654223e-02 9.91927981e-01 -1.18255913e-01 -1.24616945e+00 -9.86809850e-01 -2.64899153e-02 1.59701794e-01 1.15935993e+01
3.50000000e+02 1.67606443e-01 1.21296741e-01 9.78363514e-01 -1.45244884e+00 -4.96764071e-02 9.92180467e-01 -1.14499539e-01 -1.25881135e+00 -9.84601617e-01 -2.94107255e-02 1.72321424e-01 1.16116276e+01
3.52000000e+02 1.73868269e-01 1.23901859e-01 9.76943254e-01 -1.35599732e+00 -5.28663956e-02 9.91797149e-01 -1.16376989e-01 -1.27116776e+00 -9.83348846e-01 -3.14132050e-02 1.78992286e-01 1.16297359e+01
3.54000000e+02 1.79444656e-01 1.24764100e-01 9.75824535e-01 -1.25782979e+00 -5.13065718e-02 9.91762400e-01 -1.17367052e-01 -1.28370762e+00 -9.82429266e-01 -2.90053245e-02 1.84367672e-01 1.16489162e+01
3.56000000e+02 1.86511055e-01 1.24921300e-01 9.74478483e-01 -1.16010678e+00 -4.85775433e-02 9.91842568e-01 -1.17849715e-01 -1.29683363e+00 -9.81251180e-01 -2.53574960e-02 1.91057965e-01 1.16679621e+01
3.58000000e+02 1.93698898e-01 1.23468630e-01 9.73260641e-01 -1.06013715e+00 -4.76069599e-02 9.92063224e-01 -1.16379179e-01 -1.30986714e+00 -9.79905248e-01 -2.37914603e-02 1.98039517e-01 1.16887169e+01
3.60000000e+02 2.01535583e-01 1.18745588e-01 9.72256601e-01 -9.60716844e-01 -4.55442779e-02 9.92686510e-01 -1.11800060e-01 -1.32268512e+00 -9.78421748e-01 -2.17490327e-02 2.05469832e-01 1.17099276e+01
3.62000000e+02 2.13796929e-01 1.22212887e-01 9.69203234e-01 -8.61083984e-01 -4.34641466e-02 9.92350996e-01 -1.15543962e-01 -1.33532774e+00 -9.75910723e-01 -1.74226481e-02 2.17473462e-01 1.17319870e+01
3.64000000e+02 2.26959944e-01 1.20566621e-01 9.66412365e-01 -7.62899399e-01 -4.32931669e-02 9.92575586e-01 -1.13663353e-01 -1.34802532e+00 -9.72941339e-01 -1.60420258e-02 2.30494618e-01 1.17561264e+01
3.67000000e+02 2.55705148e-01 1.19984731e-01 9.59280193e-01 -6.16522312e-01 -3.76742855e-02 9.92751360e-01 -1.14128791e-01 -1.36673272e+00 -9.66020465e-01 -6.95687532e-03 2.58371979e-01 1.17946424e+01
3.69000000e+02 2.77885497e-01 1.16759710e-01 9.53491926e-01 -5.18648863e-01 -3.77055779e-02 9.93146539e-01 -1.10626705e-01 -1.37911034e+00 -9.59873915e-01 -5.21040568e-03 2.80383497e-01 1.18231821e+01
3.71000000e+02 2.98758239e-01 1.18142940e-01 9.46987748e-01 -4.22661543e-01 -4.12468687e-02 9.92978871e-01 -1.10867962e-01 -1.39154470e+00 -9.53437030e-01 -5.93756139e-03 3.01533639e-01 1.18544168e+01
3.73000000e+02 3.19340080e-01 1.20855995e-01 9.39902008e-01 -3.27173233e-01 -4.47252057e-02 9.92651105e-01 -1.12442881e-01 -1.40411377e+00 -9.46584165e-01 -6.12979522e-03 3.22398573e-01 1.18873453e+01
3.75000000e+02 3.38084966e-01 1.19548798e-01 9.33491647e-01 -2.32367516e-01 -4.89566773e-02 9.92790103e-01 -1.09412171e-01 -1.41650188e+00 -9.39841390e-01 -8.71003605e-03 3.41500133e-01 1.19224463e+01
3.77000000e+02 3.53654891e-01 1.17074043e-01 9.28020418e-01 -1.39820814e-01 -5.01594059e-02 9.93082404e-01 -1.06166899e-01 -1.42859185e+00 -9.34030116e-01 -9.00250953e-03 3.57080817e-01 1.19583406e+01
3.79000000e+02 3.69263172e-01 1.16586871e-01 9.21982765e-01 -4.66170311e-02 -5.42429350e-02 9.93112028e-01 -1.03856511e-01 -1.44041836e+00 -9.27740514e-01 -1.16606681e-02 3.73043716e-01 1.19966135e+01
3.81000000e+02 3.84681821e-01 1.19572073e-01 9.15271759e-01 4.33096886e-02 -5.53731471e-02 9.92777705e-01 -1.06424615e-01 -1.45168328e+00 -9.21386838e-01 -9.74186603e-03 3.88524622e-01 1.20357037e+01
3.83000000e+02 4.01142925e-01 1.16878234e-01 9.08528388e-01 1.32750988e-01 -5.51707484e-02 9.93108630e-01 -1.03399552e-01 -1.46353698e+00 -9.14352536e-01 -8.64619389e-03 4.04826730e-01 1.20758915e+01
3.85000000e+02 4.18307245e-01 1.11736700e-01 9.01406646e-01 2.20488071e-01 -5.60020320e-02 9.93689239e-01 -9.71875489e-02 -1.47472048e+00 -9.06577528e-01 -9.82634816e-03 4.21924919e-01 1.21172543e+01
3.87000000e+02 4.35623497e-01 1.09348476e-01 8.93462420e-01 3.06618214e-01 -5.93976155e-02 9.93922412e-01 -9.26831439e-02 -1.48524058e+00 -8.98167074e-01 -1.26945833e-02 4.39470977e-01 1.21599264e+01
3.89000000e+02 4.51471925e-01 1.07848249e-01 8.85743678e-01 3.90802860e-01 -6.14698976e-02 9.94069517e-01 -8.97062272e-02 -1.49501801e+00 -8.90165448e-01 -1.39467306e-02 4.55423892e-01 1.22049618e+01
3.91000000e+02 4.67582971e-01 1.07313983e-01 8.77410889e-01 4.74507332e-01 -6.36319742e-02 9.94114518e-01 -8.76774639e-02 -1.50519538e+00 -8.81655931e-01 -1.48348948e-02 4.71659601e-01 1.22511835e+01
3.93000000e+02 4.84766871e-01 1.07830785e-01 8.67970943e-01 5.57801723e-01 -6.33933991e-02 9.94092941e-01 -8.80937353e-02 -1.51426899e+00 -8.72343004e-01 -1.23187071e-02 4.88739103e-01 1.22980690e+01
3.95000000e+02 5.00211716e-01 1.04805633e-01 8.59537065e-01 6.39892101e-01 -6.36342019e-02 9.94413316e-01 -8.42192173e-02 -1.52347565e+00 -8.63561749e-01 -1.25685167e-02 5.04086435e-01 1.23469095e+01
3.97000000e+02 5.11550009e-01 1.00460000e-01 8.53360653e-01 7.21858025e-01 -6.50209635e-02 9.94820118e-01 -7.81359673e-02 -1.53291321e+00 -8.56789887e-01 -1.55158769e-02 5.15432239e-01 1.23967657e+01
3.99000000e+02 5.18730640e-01 9.55339894e-02 8.49583328e-01 8.03720474e-01 -6.61940724e-02 9.95241940e-01 -7.14968666e-02 -1.54129899e+00 -8.52371335e-01 -1.91497672e-02 5.22586226e-01 1.24478559e+01
4.01000000e+02 5.23100853e-01 9.11312178e-02 8.47384572e-01 8.85427475e-01 -6.62081912e-02 9.95607316e-01 -6.62005767e-02 -1.54917085e+00 -8.49695206e-01 -2.14742199e-02 5.26836693e-01 1.24993544e+01
