0.00000000e+00 9.99802768e-01 -1.90628588e-03 -1.97690092e-02 1.94792114e-02 1.98138785e-03 9.99990880e-01 3.78008792e-03 8.80287588e-03 1.97616220e-02 -3.81851220e-03 9.99797404e-01 -1.56133488e-01
5.00000000e+00 9.97652948e-01 -3.84806808e-05 -6.84733242e-02 2.26311460e-02 -2.19867630e-07 9.99999821e-01 -5.65183989e-04 9.01435409e-03 6.84733391e-02 5.63872512e-04 9.97652769e-01 -1.16351046e-01
6.00000000e+00 9.96462822e-01 -3.72425042e-04 -8.40341449e-02 2.34030448e-02 2.55155930e-04 9.99998987e-01 -1.40622898e-03 8.90987646e-03 8.40345770e-02 1.37981307e-03 9.96461868e-01 -1.06295228e-01
8.00000000e+00 9.92387295e-01 -1.87499134e-03 -1.23141967e-01 2.47451514e-02 1.70071167e-03 9.99997377e-01 -1.52037374e-03 8.35216511e-03 1.23144500e-01 1.29937066e-03 9.92387891e-01 -8.49197730e-02
1.10000000e+01 9.80561614e-01 1.13405543e-03 -1.96208060e-01 2.67998390e-02 -1.62777142e-03 9.99995887e-01 -2.35504773e-03 5.61117008e-03 1.96204588e-01 2.62865145e-03 9.80559468e-01 -5.32498360e-02
1.70000000e+01 9.21789110e-01 1.37912547e-02 -3.87446344e-01 2.56190225e-02 -1.38616646e-02 9.99900520e-01 2.61288113e-03 -2.33558589e-03 3.87443811e-01 2.96212593e-03 9.21888530e-01 8.32416303e-03
1.90000000e+01 8.87778461e-01 1.98065806e-02 -4.59844679e-01 2.68320497e-02 -1.95128899e-02 9.99795079e-01 5.39181381e-03 -4.77678049e-03 4.59857225e-01 4.18616319e-03 8.87983024e-01 2.70213448e-02
2.30000000e+01 7.85154581e-01 1.54275568e-02 -6.19107664e-01 2.86972653e-02 -1.02943117e-02 9.99876678e-01 1.18606649e-02 -9.95862670e-03 6.19214296e-01 -2.93916790e-03 7.85216570e-01 6.41727149e-02
2.50000000e+01 7.04566300e-01 2.52424963e-02 -7.09189057e-01 3.20042223e-02 -1.67311169e-02 9.99680221e-01 1.89600270e-02 -1.21978670e-02 7.09440887e-01 -1.49307132e-03 7.04763353e-01 8.46237093e-02
2.90000000e+01 5.15023470e-01 1.66557282e-02 -8.57014239e-01 -8.81541520e-04 3.40344501e-03 9.99763608e-01 2.14753076e-02 -1.21919243e-02 8.57169330e-01 -1.39770890e-02 5.14845073e-01 1.18216604e-01
3.10000000e+01 4.09406662e-01 1.78186316e-02 -9.12177980e-01 -2.43267417e-02 8.94956570e-03 9.99682724e-01 2.35447362e-02 -1.15309181e-02 9.12308097e-01 -1.78029686e-02 4.09117311e-01 1.26932994e-01
3.40000000e+01 2.42145121e-01 2.31451113e-02 -9.69963968e-01 -6.34719282e-02 1.34936264e-02 9.99538422e-01 2.72194073e-02 -1.09493621e-02 9.70146179e-01 -1.96793769e-02 2.41721034e-01 1.33757338e-01
3.60000000e+01 1.32074103e-01 2.90450696e-02 -9.90814209e-01 -9.31273550e-02 2.10939385e-02 9.99261916e-01 3.21044996e-02 -1.09474575e-02 9.91015375e-01 -2.51403488e-02 1.31363943e-01 1.35585696e-01
3.90000000e+01 -8.33082478e-03 3.01923230e-02 -9.99509394e-01 -1.43463239e-01 1.98142417e-02 9.99352813e-01 3.00224442e-02 -1.02661531e-02 9.99768972e-01 -1.95544083e-02 -8.92367121e-03 1.32613629e-01
4.10000000e+01 -7.96748772e-02 2.57872846e-02 -9.96487319e-01 -1.80316344e-01 1.97516885e-02 9.99509931e-01 2.42862441e-02 -9.52680781e-03 9.96625185e-01 -1.77473035e-02 -8.01451728e-02 1.27789199e-01
4.30000000e+01 -1.36432245e-01 2.10769642e-02 -9.90425169e-01 -2.19276756e-01 1.94429494e-02 9.99638021e-01 1.85947325e-02 -9.26352851e-03 9.90458608e-01 -1.67198665e-02 -1.36792660e-01 1.21129975e-01
4.40000000e+01 -1.56664580e-01 1.84302554e-02 -9.87479866e-01 -2.39643857e-01 1.87905990e-02 9.99700546e-01 1.56771950e-02 -8.91277567e-03 9.87473071e-01 -1.60992779e-02 -1.56963974e-01 1.16971157e-01
4.50000000e+01 -1.72418773e-01 1.77178010e-02 -9.84864354e-01 -2.60608703e-01 1.89641789e-02 9.99712586e-01 1.46648902e-02 -8.63279402e-03 9.84841168e-01 -1.61486417e-02 -1.72705218e-01 1.12523288e-01
4.60000000e+01 -1.85124487e-01 1.82351694e-02 -9.82545853e-01 -2.82261491e-01 1.96102150e-02 9.99697268e-01 1.48586631e-02 -8.46092217e-03 9.82519388e-01 -1.65172350e-02 -1.85426041e-01 1.07892498e-01
4.70000000e+01 -1.94375038e-01 1.91381108e-02 -9.80740547e-01 -3.04536670e-01 1.91494748e-02 9.99693155e-01 1.57126747e-02 -8.32577422e-03 9.80740368e-01 -1.57265160e-02 -1.94681883e-01 1.02856666e-01
4.90000000e+01 -2.05201805e-01 2.12798491e-02 -9.78488326e-01 -3.50415826e-01 1.71730220e-02 9.99687970e-01 1.81394853e-02 -8.37951340e-03 9.78569031e-01 -1.30813457e-02 -2.05503210e-01 9.23407972e-02
5.00000000e+01 -2.06402034e-01 2.22875997e-02 -9.78213429e-01 -3.74556631e-01 1.89660918e-02 9.99643862e-01 1.87740438e-02 -8.11469369e-03 9.78283465e-01 -1.46778841e-02 -2.06751227e-01 8.69236439e-02
5.20000000e+01 -2.03929305e-01 2.66760364e-02 -9.78622079e-01 -4.24302131e-01 2.05014180e-02 9.99525845e-01 2.29736753e-02 -7.63022341e-03 9.78770912e-01 -1.53781343e-02 -2.04379514e-01 7.61707202e-02
5.40000000e+01 -2.00612515e-01 2.39349417e-02 -9.79378223e-01 -4.76357073e-01 1.63485240e-02 9.99644101e-01 2.10814402e-02 -7.38111697e-03 9.79534268e-01 -1.17821889e-02 -2.00932413e-01 6.46154210e-02
5.60000000e+01 -1.97883964e-01 2.61994787e-02 -9.79875267e-01 -5.31720698e-01 1.64761897e-02 9.99590397e-01 2.33992785e-02 -6.44739624e-03 9.80086982e-01 -1.15142688e-02 -1.98234588e-01 5.29215634e-02
5.80000000e+01 -1.94356114e-01 3.14766802e-02 -9.80425894e-01 -5.89277625e-01 1.44235529e-02 9.99468684e-01 2.92287767e-02 -6.10052049e-03 9.80825007e-01 -8.46043322e-03 -1.94706857e-01 4.07150984e-02
6.00000000e+01 -1.90824971e-01 2.73710508e-02 -9.81242418e-01 -6.48669660e-01 1.03910323e-02 9.99611497e-01 2.58626696e-02 -5.13222069e-03 9.81569052e-01 -5.26087871e-03 -1.91035241e-01 2.80397311e-02
6.20000000e+01 -1.88041821e-01 2.91684698e-02 -9.81727779e-01 -7.10409045e-01 1.22547522e-02 9.99550760e-01 2.73507200e-02 -4.20128182e-03 9.82084572e-01 -6.88775163e-03 -1.88314810e-01 1.55791640e-02
6.40000000e+01 -1.85544878e-01 3.34227048e-02 -9.82067227e-01 -7.73915172e-01 1.54232597e-02 9.99397337e-01 3.10985371e-02 -3.50863487e-03 9.82514739e-01 -9.37650353e-03 -1.85948536e-01 2.74482369e-03
6.60000000e+01 -1.84709027e-01 2.23288182e-02 -9.82539594e-01 -8.37717891e-01 1.68710388e-02 9.99666572e-01 1.95464306e-02 -2.92629562e-03 9.82648432e-01 -1.29660601e-02 -1.85024157e-01 -9.87994671e-03
6.80000000e+01 -1.85333356e-01 1.89334508e-02 -9.82493281e-01 -9.02775764e-01 2.10519228e-02 9.99661386e-01 1.52931483e-02 -2.33798940e-03 9.82450187e-01 -1.78490411e-02 -1.85669199e-01 -2.27472037e-02
7.10000000e+01 -1.86106175e-01 3.80584747e-02 -9.81792271e-01 -1.00275767e+00 1.74684953e-02 9.99219716e-01 3.54227535e-02 -1.78074092e-03 9.82374310e-01 -1.05580408e-02 -1.86625794e-01 -4.30500656e-02
7.40000000e+01 -1.86744869e-01 3.18645015e-02 -9.81891572e-01 -1.10281098e+00 1.59599073e-02 9.99440372e-01 2.93985996e-02 -3.62154096e-04 9.82278824e-01 -1.01808598e-02 -1.87148914e-01 -6.41271472e-02
7.70000000e+01 -1.87016681e-01 3.35700326e-02 -9.81782973e-01 -1.20180857e+00 1.23567935e-02 9.99417245e-01 3.18191946e-02 3.98594886e-04 9.82279003e-01 -6.18096907e-03 -1.87322512e-01 -8.40600133e-02
8.00000000e+01 -1.85560122e-01 2.49143057e-02 -9.82317030e-01 -1.30028379e+00 1.04095619e-02 9.99672294e-01 2.33881120e-02 1.31377950e-03 9.82577801e-01 -5.88558894e-03 -1.85758665e-01 -1.04292795e-01
8.30000000e+01 -1.84141770e-01 3.78280059e-02 -9.82171476e-01 -1.39975321e+00 1.25297504e-02 9.99268293e-01 3.61373499e-02 2.11355463e-03 9.82819855e-01 -5.65196760e-03 -1.84481010e-01 -1.23986244e-01
8.60000000e+01 -1.83900714e-01 3.62952016e-02 -9.82274473e-01 -1.49841070e+00 1.27492454e-02 9.99322057e-01 3.45382057e-02 3.81821394e-03 9.82862115e-01 -6.17165724e-03 -1.84238777e-01 -1.43819705e-01
8.90000000e+01 -1.83826074e-01 2.71737464e-02 -9.82583106e-01 -1.59631348e+00 4.13087429e-03 9.99630332e-01 2.68723723e-02 4.59408760e-03 9.82950091e-01 8.80915497e-04 -1.83870360e-01 -1.63966954e-01
9.20000000e+01 -1.86398238e-01 2.12216694e-02 -9.82245028e-01 -1.69373286e+00 1.44284461e-02 9.99718010e-01 1.88611262e-02 5.14144637e-03 9.82368350e-01 -1.06565896e-02 -1.86651871e-01 -1.83199465e-01
9.50000000e+01 -1.91768602e-01 3.49335708e-02 -9.80818272e-01 -1.79091251e+00 1.87010374e-02 9.99314964e-01 3.19359563e-02 5.44808805e-03 9.81261969e-01 -1.22180041e-02 -1.92290530e-01 -2.02821538e-01
9.80000000e+01 -1.95387185e-01 2.54687238e-02 -9.80395436e-01 -1.88591170e+00 1.04365088e-02 9.99660134e-01 2.38892473e-02 6.04171678e-03 9.80670631e-01 -5.56425331e-03 -1.95586577e-01 -2.23552227e-01
1.01000000e+02 -1.98229432e-01 2.61549726e-02 -9.79806602e-01 -1.98007131e+00 4.77990787e-03 9.99657810e-01 2.57178340e-02 6.23744726e-03 9.80143964e-01 4.14645940e-04 -1.98286623e-01 -2.44526118e-01
1.04000000e+02 -2.00520024e-01 2.70995889e-02 -9.79314744e-01 -2.07160664e+00 4.06917790e-03 9.99631763e-01 2.68286150e-02 6.74222410e-03 9.79681134e-01 1.39466883e-03 -2.00556457e-01 -2.63865680e-01
1.07000000e+02 -2.01633871e-01 3.61958928e-02 -9.78791952e-01 -2.16289902e+00 5.08222496e-03 9.99342144e-01 3.59088928e-02 7.54027069e-03 9.79447782e-01 2.26600771e-03 -2.01685175e-01 -2.83671558e-01
1.13000000e+02 -1.99604794e-01 2.47540995e-02 -9.79563773e-01 -2.33301067e+00 3.36234458e-03 9.99692261e-01 2.45776158e-02 8.65478069e-03 9.79870737e-01 1.61217898e-03 -1.99626610e-01 -3.20699096e-01
1.17000000e+02 -1.75099894e-01 2.98938304e-02 -9.84096766e-01 -2.43477416e+00 3.39885592e-03 9.99551356e-01 2.97585372e-02 8.81792605e-03 9.84544814e-01 1.86591363e-03 -1.75122932e-01 -3.40130270e-01
1.21000000e+02 -1.10411063e-01 3.41363326e-02 -9.93299603e-01 -2.52601123e+00 -3.97973461e-03 9.99386787e-01 3.47879007e-02 9.90611315e-03 9.93878067e-01 7.79403746e-03 -1.10207506e-01 -3.52278769e-01
1.25000000e+02 1.42104998e-02 3.45538370e-02 -9.99301791e-01 -2.60389018e+00 -2.65561888e-04 9.99402821e-01 3.45535539e-02 1.12798139e-02 9.99898970e-01 -2.25646785e-04 1.42111899e-02 -3.52791607e-01
1.30000000e+02 2.52134830e-01 2.78182905e-02 -9.67292190e-01 -2.68556595e+00 1.67899858e-02 9.99310493e-01 3.31155881e-02 1.10864490e-02 9.67546463e-01 -2.45904159e-02 2.51493931e-01 -3.35877299e-01
1.32000000e+02 3.58332813e-01 2.32839268e-02 -9.33303535e-01 -2.71625710e+00 2.06553191e-02 9.99246538e-01 3.28594744e-02 1.18958727e-02 9.33365405e-01 -3.10523100e-02 3.57581884e-01 -3.22381020e-01
1.34000000e+02 4.55782086e-01 1.92947779e-02 -8.89882267e-01 -2.74569416e+00 2.89545618e-02 9.98914480e-01 3.64888795e-02 1.24713629e-02 8.89620304e-01 -4.23971266e-02 4.54728663e-01 -3.05323124e-01
1.35000000e+02 5.02148747e-01 1.42062707e-02 -8.64664555e-01 -2.75933576e+00 3.88001688e-02 9.98488069e-01 3.89379300e-02 1.26758367e-02 8.63910437e-01 -5.31017631e-02 5.00838280e-01 -2.95256257e-01
1.36000000e+02 5.47565460e-01 9.42159351e-03 -8.36709797e-01 -2.77260232e+00 3.95156369e-02 9.98529851e-01 3.71038318e-02 1.28836408e-02 8.35829258e-01 -5.33798970e-02 5.46388149e-01 -2.84967303e-01
1.38000000e+02 6.36574388e-01 -3.26651358e-03 -7.71208405e-01 -2.79812813e+00 3.10291909e-02 9.99289811e-01 2.13796869e-02 1.33729726e-02 7.70590842e-01 -3.75397317e-02 6.36223674e-01 -2.62553692e-01
1.40000000e+02 7.21830010e-01 -7.87932426e-03 -6.92025542e-01 -2.82251239e+00 2.28415132e-02 9.99661684e-01 1.24432277e-02 1.37470122e-02 6.91693306e-01 -2.47888044e-02 7.21765757e-01 -2.35742450e-01
1.42000000e+02 7.97353029e-01 -8.36151745e-03 -6.03455186e-01 -2.84691572e+00 1.79622471e-02 9.99789834e-01 9.88058746e-03 1.41522801e-02 6.03245795e-01 -1.87177286e-02 7.97335684e-01 -2.02980161e-01
1.44000000e+02 8.54895592e-01 -8.97730642e-04 -5.18799245e-01 -2.86961842e+00 9.07462742e-03 9.99871373e-01 1.32233109e-02 1.40308421e-02 5.18720686e-01 -1.60124600e-02 8.54793847e-01 -1.65196896e-01
1.46000000e+02 8.95075142e-01 8.30979459e-03 -4.45837915e-01 -2.89180899e+00 -2.27909442e-03 9.99898553e-01 1.40611427e-02 1.40491277e-02 4.45909530e-01 -1.15696723e-02 8.95003259e-01 -1.22732759e-01
1.48000000e+02 9.18811202e-01 8.26610532e-03 -3.94610733e-01 -2.91256261e+00 -1.27124228e-03 9.99837458e-01 1.79841276e-02 1.39519917e-02 3.94695252e-01 -1.60223730e-02 9.18672383e-01 -7.50366449e-02
1.49000000e+02 9.27088559e-01 8.75424407e-03 -3.74740183e-01 -2.92289543e+00 -1.44914340e-03 9.99803483e-01 1.97711382e-02 1.44591276e-02 3.74839604e-01 -1.77865438e-02 9.26919043e-01 -4.90957499e-02
1.51000000e+02 9.39215720e-01 1.61910281e-02 -3.42945576e-01 -2.94354773e+00 -8.53234716e-03 9.99679625e-01 2.38292255e-02 1.50623918e-02 3.43221515e-01 -1.94546524e-02 9.39052999e-01 4.97847795e-03
1.53000000e+02 9.47781861e-01 1.86005924e-02 -3.18376511e-01 -2.96318507e+00 -1.12292320e-02 9.99625087e-01 2.49728095e-02 1.55628864e-02 3.18721652e-01 -2.00936515e-02 9.47635353e-01 6.21448755e-02
1.55000000e+02 9.56383586e-01 1.89642999e-02 -2.91497588e-01 -2.98221946e+00 -1.21264914e-02 9.99607682e-01 2.52464674e-02 1.64175257e-02 2.91862011e-01 -2.06104629e-02 9.56238329e-01 1.22444928e-01
1.57000000e+02 9.63871658e-01 2.02425327e-02 -2.65596747e-01 -3.00081754e+00 -1.46364039e-02 9.99626696e-01 2.30701603e-02 1.69598851e-02 2.65964597e-01 -1.83492936e-02 9.63808119e-01 1.85953140e-01
1.59000000e+02 9.69091296e-01 1.79947391e-02 -2.46045202e-01 -3.01837707e+00 -1.55352559e-02 9.99808133e-01 1.19335968e-02 1.73577610e-02 2.46212736e-01 -7.74236955e-03 9.69184875e-01 2.52051234e-01
1.61000000e+02 9.72557127e-01 2.04105452e-02 -2.31767178e-01 -3.03590918e+00 -1.67931058e-02 9.99704599e-01 1.75704826e-02 1.78437103e-02 2.32057333e-01 -1.31962076e-02 9.72612619e-01 3.20946217e-01
1.63000000e+02 9.74541903e-01 2.77061071e-02 -2.22487018e-01 -3.05329370e+00 -2.17223521e-02 9.99334693e-01 2.92975772e-02 1.78035293e-02 2.23150715e-01 -2.37187743e-02 9.74495351e-01 3.90675545e-01
1.65000000e+02 9.75937307e-01 2.57946402e-02 -2.16520160e-01 -3.06940079e+00 -2.03308705e-02 9.99417126e-01 2.74244621e-02 1.83740817e-02 2.17101350e-01 -2.23625135e-02 9.75892901e-01 4.59983349e-01
1.67000000e+02 9.77158189e-01 2.35577542e-02 -2.11203605e-01 -3.08533335e+00 -1.71653330e-02 9.99338865e-01 3.20493318e-02 1.88526772e-02 2.11818978e-01 -2.76918858e-02 9.76916492e-01 5.29662430e-01
1.69000000e+02 9.78372097e-01 2.00151782e-02 -2.05882087e-01 -3.10075879e+00 -1.41428933e-02 9.99451160e-01 2.99549159e-02 1.97108313e-02 2.06368655e-01 -2.63952855e-02 9.78118241e-01 5.99137127e-01
1.71000000e+02 9.79014635e-01 2.16394290e-02 -2.02637717e-01 -3.11624479e+00 -1.89349093e-02 9.99704003e-01 1.52758816e-02 2.01565288e-02 2.02908307e-01 -1.11183850e-02 9.79134619e-01 6.67390108e-01
1.73000000e+02 9.79652643e-01 2.37322934e-02 -1.99292317e-01 -3.13119435e+00 -2.15688515e-02 9.99682605e-01 1.30199548e-02 1.98396686e-02 1.99538052e-01 -8.45652726e-03 9.79853570e-01 7.35632718e-01
1.75000000e+02 9.80350316e-01 3.09474319e-02 -1.94821775e-01 -3.14609694e+00 -2.72081159e-02 9.99391139e-01 2.18410119e-02 1.96582265e-02 1.95379093e-01 -1.61111094e-02 9.80595469e-01 8.04158926e-01
1.77000000e+02 9.81253862e-01 2.65717395e-02 -1.90879092e-01 -3.16038108e+00 -2.24536397e-02 9.99466777e-01 2.37053316e-02 1.97108425e-02 1.91407204e-01 -1.89750176e-02 9.81327295e-01 8.72650325e-01
1.79000000e+02 9.81669426e-01 2.41307151e-02 -1.89057872e-01 -3.17403483e+00 -2.03423817e-02 9.99552011e-01 2.19531246e-02 1.99073218e-02 1.89502925e-01 -1.77048221e-02 9.81720507e-01 9.40664768e-01
1.81000000e+02 9.81978774e-01 2.12729983e-02 -1.87790200e-01 -3.18784094e+00 -1.76504198e-02 9.99624908e-01 2.09418889e-02 2.01323368e-02 1.88165247e-01 -1.72499157e-02 9.81985867e-01 1.00958431e+00
1.83000000e+02 9.82083321e-01 2.44969036e-02 -1.86848149e-01 -3.20230842e+00 -2.09213886e-02 9.99558806e-01 2.10842229e-02 2.04503015e-02 1.87282205e-01 -1.67973395e-02 9.82162535e-01 1.07989120e+00
1.85000000e+02 9.81468737e-01 2.18449794e-02 -1.90373078e-01 -3.21697640e+00 -1.80543177e-02 9.99603152e-01 2.16236543e-02 2.06595063e-02 1.90769896e-01 -1.77858844e-02 9.81473625e-01 1.15117359e+00
1.88000000e+02 9.79748249e-01 2.60890648e-02 -1.98526278e-01 -3.24070072e+00 -2.32944377e-02 9.99594152e-01 1.63998008e-02 2.09704954e-02 1.98873565e-01 -1.14431195e-02 9.79958355e-01 1.25911570e+00
1.90000000e+02 9.78915095e-01 2.53913943e-02 -2.02683330e-01 -3.25715566e+00 -2.35480964e-02 9.99656558e-01 1.15011297e-02 2.10308041e-02 2.02905744e-01 -6.48582261e-03 9.79176819e-01 1.33236670e+00
1.93000000e+02 9.77704644e-01 2.41214633e-02 -2.08594829e-01 -3.28241515e+00 -2.13587545e-02 9.99651909e-01 1.54870227e-02 2.08193026e-02 2.08895802e-01 -1.06864078e-02 9.77879524e-01 1.44464803e+00
1.95000000e+02 9.77268338e-01 2.42517311e-02 -2.10614517e-01 -3.30004501e+00 -1.96802486e-02 9.99523640e-01 2.37746928e-02 2.10887343e-02 2.11090758e-01 -1.90893076e-02 9.77280021e-01 1.52200150e+00
1.98000000e+02 9.78136659e-01 2.72194240e-02 -2.06174269e-01 -3.32658720e+00 -2.26272102e-02 9.99441266e-01 2.45991573e-02 2.20246166e-02 2.06728652e-01 -1.93961877e-02 9.78206038e-01 1.63841581e+00
2.01000000e+02 9.79365408e-01 1.95681211e-02 -2.01148003e-01 -3.35221386e+00 -1.57376118e-02 9.99663413e-01 2.06249189e-02 2.26647444e-02 2.01483890e-01 -1.70337409e-02 9.79343712e-01 1.75701666e+00
2.04000000e+02 9.79866505e-01 1.52054131e-02 -1.99073941e-01 -3.37715006e+00 -1.02725662e-02 9.99614656e-01 2.57884618e-02 2.33310312e-02 1.99389353e-01 -2.32242495e-02 9.79645073e-01 1.87669206e+00
2.07000000e+02 9.80391145e-01 1.88527461e-02 -1.96157664e-01 -3.40308714e+00 -1.68950278e-02 9.99789417e-01 1.16490051e-02 2.32624542e-02 1.96335971e-01 -8.10649153e-03 9.80503142e-01 1.99445486e+00
2.10000000e+02 9.80786562e-01 2.02163756e-02 -1.94033638e-01 -3.42850733e+00 -1.83850806e-02 9.99767840e-01 1.12343598e-02 2.22321451e-02 1.94215700e-01 -7.45118503e-03 9.80930567e-01 2.11177087e+00
2.12000000e+02 9.80468750e-01 2.09192038e-02 -1.95559233e-01 -3.44520879e+00 -1.58255734e-02 9.99494493e-01 2.75729727e-02 2.18914710e-02 1.96037188e-01 -2.39396002e-02 9.80304182e-01 2.19009209e+00
2.15000000e+02 9.79098916e-01 1.08413259e-02 -2.03095451e-01 -3.46900511e+00 -6.76745595e-03 9.99761939e-01 2.07426436e-02 2.19388902e-02 2.03271985e-01 -1.89346597e-02 9.78939235e-01 2.30443215e+00
2.17000000e+02 9.77901995e-01 1.43004209e-02 -2.08574101e-01 -3.48648548e+00 -1.14248581e-02 9.99822438e-01 1.49850305e-02 2.18260176e-02 2.08751366e-01 -1.22709619e-02 9.77891743e-01 2.37918568e+00
2.20000000e+02 9.75666702e-01 2.13974416e-02 -2.18212247e-01 -3.51317739e+00 -2.02558190e-02 9.99766946e-01 7.46762473e-03 2.10761223e-02 2.18321174e-01 -2.86584534e-03 9.75872755e-01 2.49009871e+00
2.22000000e+02 9.73843217e-01 2.79809870e-02 -2.25491479e-01 -3.53162456e+00 -2.51726825e-02 9.99565721e-01 1.53202582e-02 2.02646963e-02 2.25822225e-01 -9.24330391e-03 9.74124670e-01 2.56327963e+00
2.24000000e+02 9.71766174e-01 2.82466467e-02 -2.34249055e-01 -3.55010986e+00 -2.31378470e-02 9.99431312e-01 2.45294776e-02 1.99419484e-02 2.34808728e-01 -1.84168965e-02 9.71867085e-01 2.63644624e+00
2.26000000e+02 9.68981206e-01 2.64912955e-02 -2.45710537e-01 -3.56930208e+00 -1.99542921e-02 9.99378562e-01 2.90565472e-02 2.03163549e-02 2.46327594e-01 -2.32522674e-02 9.68907654e-01 2.70777464e+00
2.28000000e+02 9.65733051e-01 3.15283984e-02 -2.57615209e-01 -3.58910704e+00 -2.51932386e-02 9.99294400e-01 2.78563071e-02 2.08374113e-02 2.58311719e-01 -2.04115957e-02 9.65845942e-01 2.77713943e+00
2.30000000e+02 9.62611258e-01 3.16497348e-02 -2.69031405e-01 -3.60955882e+00 -2.68925522e-02 9.99410272e-01 2.13506613e-02 2.12952942e-02 2.69548506e-01 -1.33174453e-02 9.62894738e-01 2.84568572e+00
2.32000000e+02 9.59782362e-01 3.48784439e-02 -2.78570205e-01 -3.63080335e+00 -2.90006772e-02 9.99261856e-01 2.51942221e-02 2.16058493e-02 2.79243320e-01 -1.61022451e-02 9.60085332e-01 2.91486502e+00
2.34000000e+02 9.56377566e-01 3.57153490e-02 -2.89942056e-01 -3.65263081e+00 -2.77369414e-02 9.99116242e-01 3.15814763e-02 2.19201371e-02 2.90813774e-01 -2.21617091e-02 9.56523001e-01 2.98264170e+00
2.36000000e+02 9.51842725e-01 2.97230408e-02 -3.05142492e-01 -3.67440987e+00 -2.46041063e-02 9.99484837e-01 2.06083674e-02 2.26920098e-02 3.05597842e-01 -1.21081667e-02 9.52083707e-01 3.04939508e+00
2.38000000e+02 9.45777118e-01 2.72769369e-02 -3.23668957e-01 -3.69806194e+00 -2.14363001e-02 9.99536932e-01 2.15971973e-02 2.28415132e-02 3.24108183e-01 -1.34878708e-02 9.45923865e-01 3.11554384e+00
2.40000000e+02 9.37925518e-01 3.07324603e-02 -3.45472485e-01 -3.72296524e+00 -1.97499879e-02 9.99182820e-01 3.52656953e-02 2.35110521e-02 3.46273959e-01 -2.62535177e-02 9.37766016e-01 3.18126011e+00
2.42000000e+02 9.29729164e-01 3.44678871e-02 -3.66627395e-01 -3.74952126e+00 -2.35574134e-02 9.99137580e-01 3.41931581e-02 2.40860730e-02 3.67489755e-01 -2.31535826e-02 9.29739296e-01 3.24534512e+00
2.45000000e+02 9.15608644e-01 2.93359179e-02 -4.00998980e-01 -3.79183531e+00 -2.10636333e-02 9.99464929e-01 2.50229500e-02 2.55734101e-02 4.01518494e-01 -1.44647351e-02 9.15736675e-01 3.34033442e+00
2.47000000e+02 9.05508459e-01 3.19010988e-02 -4.23127383e-01 -3.82198453e+00 -1.76725164e-02 9.99140024e-01 3.75089198e-02 2.61556208e-02 4.23960060e-01 -2.64869183e-02 9.05293465e-01 3.40440011e+00
2.51000000e+02 8.87236476e-01 1.81284193e-02 -4.60958540e-01 -3.88663912e+00 -1.06234746e-02 9.99765515e-01 1.88707504e-02 2.75609344e-02 4.61192548e-01 -1.18458364e-02 8.87220979e-01 3.52806139e+00
2.53000000e+02 8.79653096e-01 2.25788634e-02 -4.75079596e-01 -3.92099595e+00 -1.65935643e-02 9.99721348e-01 1.67887472e-02 2.77210586e-02 4.75326270e-01 -6.88500935e-03 8.79782677e-01 3.58951926e+00
2.56000000e+02 8.68065715e-01 2.69604977e-02 -4.95716721e-01 -3.97466421e+00 -1.20169893e-02 9.99372840e-01 3.33094522e-02 2.86409855e-02 4.96303856e-01 -2.29577702e-02 8.67845297e-01 3.68212223e+00
2.58000000e+02 8.61374378e-01 4.30735201e-02 -5.06141126e-01 -4.01265192e+00 -2.80677825e-02 9.98912036e-01 3.72421555e-02 2.91732699e-02 5.07194579e-01 -1.78731810e-02 8.61646235e-01 3.74269748e+00
2.60000000e+02 8.55913758e-01 3.04806046e-02 -5.16219497e-01 -4.04957199e+00 -2.22578887e-02 9.99507725e-01 2.21122317e-02 3.03595960e-02 5.16639352e-01 -7.43620796e-03 8.56170833e-01 3.80284500e+00
2.62000000e+02 8.51209998e-01 3.77902836e-02 -5.23462892e-01 -4.08868074e+00 -2.79117562e-02 9.99252379e-01 2.67512072e-02 3.08790505e-02 5.24082482e-01 -8.16012640e-03 8.51628423e-01 3.86335421e+00
2.65000000e+02 8.42461109e-01 3.44066620e-02 -5.37657320e-01 -4.14738941e+00 -2.61140056e-02 9.99393523e-01 2.30365302e-02 3.13508213e-02 5.38123846e-01 -5.36699360e-03 8.42848659e-01 3.95355964e+00
2.67000000e+02 8.36932063e-01 3.15739736e-02 -5.46395302e-01 -4.18740845e+00 -2.79280692e-02 9.99497712e-01 1.49785662e-02 3.18091698e-02 5.46593785e-01 2.72372249e-03 8.37393463e-01 4.01270008e+00
2.69000000e+02 8.32053721e-01 3.70601304e-02 -5.53455651e-01 -4.22848797e+00 -3.02548390e-02 9.99312460e-01 2.14307979e-02 3.17208171e-02 5.53869307e-01 -1.08686392e-03 8.32602918e-01 4.07194185e+00
2.71000000e+02 8.26504588e-01 3.60738374e-02 -5.61772943e-01 -4.26927090e+00 -2.92211603e-02 9.99348521e-01 2.11810004e-02 3.18904296e-02 5.62171042e-01 -1.09053683e-03 8.27020288e-01 4.13057566e+00
2.74000000e+02 8.18766594e-01 3.50922272e-02 -5.73053062e-01 -4.33152390e+00 -2.76662130e-02 9.99382317e-01 2.16705557e-02 3.19624692e-02 5.73459566e-01 -1.88891881e-03 8.19231689e-01 4.21729612e+00
2.76000000e+02 8.13294709e-01 3.23594213e-02 -5.80951452e-01 -4.37297344e+00 -2.71111298e-02 9.99475420e-01 1.77176688e-02 3.18680033e-02 5.81220031e-01 1.34056504e-03 8.13745379e-01 4.27357244e+00
2.78000000e+02 8.08017790e-01 2.69841775e-02 -5.88539779e-01 -4.41417885e+00 -2.56569199e-02 9.99614537e-01 1.06068049e-02 3.16982120e-02 5.88599145e-01 6.52963202e-03 8.08398664e-01 4.32896233e+00
2.81000000e+02 8.02058101e-01 3.70207243e-02 -5.96097529e-01 -4.47655964e+00 -2.21633986e-02 9.99234498e-01 3.22364271e-02 3.15278620e-02 5.96834660e-01 -1.26439389e-02 8.02264631e-01 4.41063786e+00
2.84000000e+02 7.96192050e-01 3.23898979e-02 -6.04176402e-01 -4.53578997e+00 -1.57103557e-02 9.99336123e-01 3.28710899e-02 3.22791189e-02 6.04839981e-01 -1.66798737e-02 7.96172321e-01 4.48787880e+00
2.87000000e+02 7.91215241e-01 2.66733337e-02 -6.10955834e-01 -4.59220028e+00 -1.19338334e-02 9.99531567e-01 2.81830635e-02 3.34316939e-02 6.11421347e-01 -1.50078237e-02 7.91162908e-01 4.55912876e+00
2.90000000e+02 7.87047744e-01 2.57337410e-02 -6.16355121e-01 -4.64441252e+00 -8.62786081e-03 9.99491036e-01 3.07129845e-02 3.40440571e-02 6.16831720e-01 -1.88547596e-02 7.86869168e-01 4.62374544e+00
2.93000000e+02 7.83480644e-01 2.22556498e-02 -6.21017516e-01 -4.69106245e+00 -8.11601989e-03 9.99639690e-01 2.55852491e-02 3.50450277e-02 6.21363163e-01 -1.50053585e-02 7.83379018e-01 4.67935371e+00
2.97000000e+02 7.73227870e-01 1.35009242e-02 -6.33984506e-01 -4.74498463e+00 -9.09964219e-05 9.99775708e-01 2.11795960e-02 3.52244601e-02 6.34128213e-01 -1.63189638e-02 7.73055673e-01 4.74295425e+00
3.01000000e+02 7.56091118e-01 3.08578685e-02 -6.53738499e-01 -4.79187632e+00 -8.35887529e-03 9.99261677e-01 3.74997258e-02 3.57251316e-02 6.54412985e-01 -2.28886902e-02 7.55790770e-01 4.79334927e+00
3.04000000e+02 7.32996345e-01 2.54441462e-02 -6.79756582e-01 -4.82086563e+00 2.68102065e-03 9.99184370e-01 4.02917340e-02 3.63041908e-02 6.80227339e-01 -3.13561335e-02 7.32330263e-01 4.82395983e+00
3.07000000e+02 6.93167984e-01 2.61806957e-02 -7.20300436e-01 -4.84720278e+00 2.12474982e-03 9.99261558e-01 3.83647867e-02 3.62010449e-02 7.20772922e-01 -2.81237010e-02 6.92600489e-01 4.84681082e+00
3.10000000e+02 6.43699586e-01 1.82987712e-02 -7.65059471e-01 -4.87142515e+00 -1.39505730e-03 9.99740481e-01 2.27381345e-02 3.71298045e-02 7.65277028e-01 -1.35692256e-02 6.43558085e-01 4.86483145e+00
3.13000000e+02 5.88073552e-01 2.20616926e-02 -8.08506489e-01 -4.89650297e+00 -7.36458739e-03 9.99732554e-01 2.19229814e-02 3.75977978e-02 8.08773935e-01 -6.93800859e-03 5.88078737e-01 4.88021326e+00
3.16000000e+02 5.17967641e-01 2.79826522e-02 -8.54942381e-01 -4.92319441e+00 -6.90129353e-03 9.99568939e-01 2.85351910e-02 3.81496996e-02 8.55372369e-01 -8.88009649e-03 5.17937481e-01 4.89386654e+00
3.19000000e+02 4.39024717e-01 3.79252695e-02 -8.97674203e-01 -4.95126152e+00 -1.29163256e-02 9.99271870e-01 3.59006301e-02 3.86711955e-02 8.98382127e-01 -4.16661147e-03 4.39194888e-01 4.90408421e+00
3.21000000e+02 3.82935464e-01 4.50076088e-02 -9.22678053e-01 -4.97036171e+00 -1.86423939e-02 9.98985529e-01 4.09927554e-02 3.88178378e-02 9.23586965e-01 1.50334684e-03 3.83386016e-01 4.90914726e+00
3.23000000e+02 3.19644183e-01 4.15410362e-02 -9.46626604e-01 -4.99042320e+00 -1.59736369e-02 9.99132812e-01 3.84514146e-02 3.87920737e-02 9.47403014e-01 2.83029978e-03 3.20030540e-01 4.91356897e+00
3.25000000e+02 2.44895369e-01 3.52437757e-02 -9.68908727e-01 -5.01425123e+00 -1.37861772e-02 9.99364674e-01 3.28670926e-02 3.92781943e-02 9.69451487e-01 5.30854845e-03 2.45225638e-01 4.91706705e+00
3.27000000e+02 1.59769267e-01 3.28375474e-02 -9.86608088e-01 -5.04163456e+00 -1.09460512e-02 9.99444067e-01 3.14921886e-02 3.99282873e-02 9.87093687e-01 5.76797873e-03 1.60039887e-01 4.91870975e+00
3.29000000e+02 6.48171827e-02 2.86337007e-02 -9.97486234e-01 -5.07277203e+00 -8.09797924e-03 9.99570429e-01 2.81673186e-02 4.07370627e-02 9.97864306e-01 6.25189673e-03 6.50212094e-02 4.91747093e+00
3.31000000e+02 -3.56126092e-02 3.05988956e-02 -9.98897135e-01 -5.10638094e+00 -4.75317799e-03 9.99514639e-01 3.07872724e-02 4.12246212e-02 9.99354362e-01 5.84435044e-03 -3.54498811e-02 4.91301346e+00
3.34000000e+02 -1.92946166e-01 3.68355997e-02 -9.80517685e-01 -5.16177082e+00 7.70390360e-03 9.99321163e-01 3.60260233e-02 4.29302603e-02 9.81179118e-01 -6.02730201e-04 -1.93098962e-01 4.90014553e+00
3.36000000e+02 -2.93059468e-01 3.85948159e-02 -9.55314934e-01 -5.20189953e+00 1.21441185e-02 9.99254584e-01 3.66445594e-02 4.48892042e-02 9.56017077e-01 -8.62421410e-04 -2.93309718e-01 4.88468599e+00
3.38000000e+02 -3.86762261e-01 4.13679630e-02 -9.21251118e-01 -5.24486113e+00 2.07261555e-02 9.99130905e-01 3.61637734e-02 4.64917123e-02 9.21946526e-01 -5.10721188e-03 -3.87283534e-01 4.86448860e+00
3.40000000e+02 -4.72802550e-01 4.59728725e-02 -8.79968286e-01 -5.28939533e+00 3.19711044e-02 9.98875558e-01 3.50071229e-02 4.72717360e-02 8.80588233e-01 -1.15820998e-02 -4.73740727e-01 4.83846331e+00
3.42000000e+02 -5.48324049e-01 4.93541621e-02 -8.34808350e-01 -5.33607197e+00 3.89968306e-02 9.98680055e-01 3.34281735e-02 4.83431518e-02 8.35356236e-01 -1.42254094e-02 -5.49524903e-01 4.80604744e+00
3.45000000e+02 -6.26735330e-01 4.78350408e-02 -7.77762592e-01 -5.41026688e+00 3.88598889e-02 9.98790741e-01 3.01150158e-02 5.04751280e-02 7.78262675e-01 -1.13496231e-02 -6.27836287e-01 4.74339199e+00
3.47000000e+02 -6.55613422e-01 4.53558303e-02 -7.53733277e-01 -5.46363878e+00 3.62730920e-02 9.98933733e-01 2.85596307e-02 5.17813154e-02 7.54224956e-01 -8.61615967e-03 -6.56559587e-01 4.69493389e+00
3.49000000e+02 -6.74667716e-01 4.75827157e-02 -7.36586273e-01 -5.51923609e+00 3.86357717e-02 9.98828530e-01 2.91353036e-02 5.30833192e-02 7.37109721e-01 -8.80193058e-03 -6.75715744e-01 4.64287567e+00
3.51000000e+02 -6.87555075e-01 4.84076515e-02 -7.24516869e-01 -5.57772493e+00 3.85717452e-02 9.98801470e-01 3.01296413e-02 5.43944351e-02 7.25107074e-01 -7.23009463e-03 -6.88598216e-01 4.58593750e+00
3.53000000e+02 -6.96584523e-01 4.89730351e-02 -7.15801358e-01 -5.63845682e+00 3.87841836e-02 9.98779237e-01 3.05905938e-02 5.58854155e-02 7.16425657e-01 -6.45283610e-03 -6.97633564e-01 4.52550364e+00
3.55000000e+02 -7.01709747e-01 5.07458597e-02 -7.10653424e-01 -5.70243168e+00 4.06236574e-02 9.98687267e-01 3.12011801e-02 5.74539527e-02 7.11303890e-01 -6.97517209e-03 -7.02850044e-01 4.46109104e+00
3.57000000e+02 -7.03151345e-01 5.08703999e-02 -7.09218144e-01 -5.76832628e+00 4.12603915e-02 9.98675883e-01 3.07250246e-02 5.93009032e-02 7.09842086e-01 -7.65827624e-03 -7.04319239e-01 4.39434624e+00
3.59000000e+02 -7.04258561e-01 5.04814908e-02 -7.08146572e-01 -5.83732557e+00 4.22481224e-02 9.98681068e-01 2.91765984e-02 6.06594793e-02 7.08685398e-01 -9.36999358e-03 -7.05462396e-01 4.32405424e+00
3.61000000e+02 -7.05218077e-01 5.17771021e-02 -7.07097292e-01 -5.90845060e+00 4.10748534e-02 9.98638391e-01 3.21594626e-02 6.25982881e-02 7.07799613e-01 -6.36448385e-03 -7.06384599e-01 4.25082207e+00
3.63000000e+02 -7.06767917e-01 5.30661345e-02 -7.05452383e-01 -5.98197079e+00 4.08337377e-02 9.98580277e-01 3.42061594e-02 6.41497076e-02 7.06266046e-01 -4.63044224e-03 -7.07931399e-01 4.17589617e+00
3.65000000e+02 -7.07666159e-01 5.19986972e-02 -7.04630971e-01 -6.05685234e+00 4.25963067e-02 9.98614013e-01 3.09135746e-02 6.60061240e-02 7.05261767e-01 -8.13818537e-03 -7.08900273e-01 4.09843493e+00
3.67000000e+02 -7.08659649e-01 5.44625968e-02 -7.03445315e-01 -6.13423681e+00 4.70948368e-02 9.98444080e-01 2.98582520e-02 6.78799897e-02 7.03976929e-01 -1.19693018e-02 -7.10121930e-01 4.01860237e+00
3.69000000e+02 -7.10434794e-01 4.97259423e-02 -7.02004075e-01 -6.21310711e+00 4.69206460e-02 9.98627961e-01 2.32529361e-02 6.89618737e-02 7.02197134e-01 -1.64187904e-02 -7.11793184e-01 3.93649006e+00
3.72000000e+02 -7.11160004e-01 4.38089706e-02 -7.01663911e-01 -6.33589792e+00 4.11384627e-02 9.98939514e-01 2.06744056e-02 7.00664073e-02 7.01825559e-01 -1.41625619e-02 -7.12208092e-01 3.80886126e+00
3.74000000e+02 -7.11410761e-01 4.86840382e-02 -7.01088130e-01 -6.41946793e+00 4.23256643e-02 9.98754859e-01 2.64053605e-02 7.04578459e-02 7.01500714e-01 -1.08889621e-02 -7.12585568e-01 3.72270942e+00
3.77000000e+02 -7.11874187e-01 5.22652306e-02 -7.00359523e-01 -6.54536629e+00 4.42345627e-02 9.98583794e-01 2.95587741e-02 7.19591826e-02 7.00912595e-01 -9.93796997e-03 -7.13177919e-01 3.59215069e+00
3.79000000e+02 -7.12132871e-01 5.17245829e-02 -7.00136662e-01 -6.62933397e+00 4.25692163e-02 9.98628557e-01 3.04779168e-02 7.34915584e-02 7.00752914e-01 -8.09994154e-03 -7.13358104e-01 3.50370073e+00
3.82000000e+02 -7.13382125e-01 5.30696027e-02 -6.98762894e-01 -6.75538015e+00 4.24476527e-02 9.98569846e-01 3.25035974e-02 7.54578039e-02 6.99488521e-01 -6.47335825e-03 -7.14614511e-01 3.37293601e+00
3.85000000e+02 -7.15465128e-01 5.37388660e-02 -6.96578622e-01 -6.87966061e+00 4.45299968e-02 9.98517752e-01 3.12951729e-02 7.75182247e-02 6.97227895e-01 -8.62803776e-03 -7.16797650e-01 3.24284053e+00
3.87000000e+02 -7.16713071e-01 5.27636372e-02 -6.95369244e-01 -6.96157122e+00 4.40693684e-02 9.98567402e-01 3.03478409e-02 7.87771419e-02 6.95974290e-01 -8.89378879e-03 -7.18011618e-01 3.15603638e+00
3.90000000e+02 -7.17217326e-01 4.81794812e-02 -6.95181966e-01 -7.08440685e+00 3.86399217e-02 9.98821795e-01 2.93584932e-02 8.06522593e-02 6.95777416e-01 -5.80535689e-03 -7.18234003e-01 3.02497578e+00
3.92000000e+02 -7.15619624e-01 4.59917560e-02 -6.96974397e-01 -7.16595793e+00 3.66520807e-02 9.98927712e-01 2.82843877e-02 8.13047588e-02 6.97527885e-01 -5.30469930e-03 -7.16538012e-01 2.93838310e+00
3.94000000e+02 -7.13156879e-01 4.46449183e-02 -6.99581385e-01 -7.24785852e+00 3.57739255e-02 9.98987377e-01 2.72838734e-02 8.21609348e-02 7.00091064e-01 -5.56908874e-03 -7.14031875e-01 2.85256577e+00
3.96000000e+02 -7.11228848e-01 5.25545590e-02 -7.00993240e-01 -7.33098269e+00 4.00530808e-02 9.98611093e-01 3.42295095e-02 8.33604038e-02 7.01818526e-01 -3.73192481e-03 -7.12345958e-01 2.76663351e+00
3.98000000e+02 -7.10175991e-01 6.06625229e-02 -7.01405823e-01 -7.41434526e+00 4.33521904e-02 9.98158276e-01 4.24335189e-02 8.53145868e-02 7.02688158e-01 -2.72213802e-04 -7.11497903e-01 2.68088245e+00
4.00000000e+02 -7.09938705e-01 5.37464879e-02 -7.02209651e-01 -7.49615240e+00 4.25235927e-02 9.98535812e-01 3.34353894e-02 8.74971002e-02 7.02978551e-01 -6.12340029e-03 -7.11184680e-01 2.59568071e+00
4.02000000e+02 -7.10144579e-01 5.61972037e-02 -7.01809466e-01 -7.57873058e+00 4.26372290e-02 9.98412490e-01 3.68039981e-02 8.90251994e-02 7.02763617e-01 -3.78705026e-03 -7.11413324e-01 2.51075411e+00
4.04000000e+02 -7.10931301e-01 5.69069907e-02 -7.00955212e-01 -7.66077900e+00 4.42466624e-02 9.98365462e-01 3.61758284e-02 9.09959376e-02 7.01868117e-01 -5.29640075e-03 -7.12287188e-01 2.42629075e+00
4.07000000e+02 -7.12639034e-01 5.94062656e-02 -6.99011087e-01 -7.78291607e+00 4.41770777e-02 9.98230696e-01 3.97974364e-02 9.36226696e-02 7.00138569e-01 -2.51905993e-03 -7.14002550e-01 2.29964018e+00
4.09000000e+02 -7.13284314e-01 6.33252487e-02 -6.98008180e-01 -7.86293268e+00 4.63424735e-02 9.97991741e-01 4.31839041e-02 9.58115906e-02 6.99341059e-01 -1.54502492e-03 -7.14786470e-01 2.21582150e+00
4.11000000e+02 -7.14344025e-01 6.13813587e-02 -6.97097480e-01 -7.94251823e+00 4.71669622e-02 9.98103678e-01 3.95518877e-02 9.83591378e-02 6.98203325e-01 -4.62631742e-03 -7.15884566e-01 2.13256073e+00
4.14000000e+02 -7.13490307e-01 5.62128760e-02 -6.98406518e-01 -8.06125641e+00 4.17125449e-02 9.98416364e-01 3.77464369e-02 1.01316497e-01 6.99422359e-01 -2.20059487e-03 -7.14705229e-01 2.00754786e+00
4.16000000e+02 -7.12691545e-01 5.44394739e-02 -6.99361920e-01 -8.14010715e+00 3.90852243e-02 9.98517036e-01 3.78960148e-02 1.03732094e-01 7.00387776e-01 -3.26546928e-04 -7.13762462e-01 1.92518497e+00
4.18000000e+02 -7.11997628e-01 5.33012971e-02 -7.00155914e-01 -8.21846294e+00 3.83756533e-02 9.98578310e-01 3.69948260e-02 1.05216563e-01 7.01132417e-01 -5.28712291e-04 -7.13030875e-01 1.84380436e+00
4.20000000e+02 -7.10959136e-01 5.31137586e-02 -7.01224685e-01 -8.29583168e+00 3.94791998e-02 9.98585641e-01 3.56099010e-02 1.06936112e-01 7.02124238e-01 -2.36660196e-03 -7.12050498e-01 1.76337028e+00
4.22000000e+02 -7.10139692e-01 5.63539192e-02 -7.01801836e-01 -8.37352848e+00 4.22451869e-02 9.98406112e-01 3.74238342e-02 1.08139172e-01 7.02792287e-01 -3.07160290e-03 -7.11388528e-01 1.68363690e+00
4.24000000e+02 -7.09492803e-01 5.26791289e-02 -7.02740967e-01 -8.44945240e+00 4.33282442e-02 9.98576343e-01 3.11111156e-02 1.09759599e-01 7.03379393e-01 -8.37541930e-03 -7.10765243e-01 1.60559249e+00
4.26000000e+02 -7.08169162e-01 5.01848459e-02 -7.04256952e-01 -8.52429485e+00 4.05431315e-02 9.98715222e-01 3.03993784e-02 1.10674068e-01 7.04877734e-01 -7.02487864e-03 -7.09294021e-01 1.52812815e+00
4.28000000e+02 -7.08029032e-01 5.03289811e-02 -7.04387605e-01 -8.59779167e+00 3.98972370e-02 9.98714805e-01 3.12553756e-02 1.11328781e-01 7.05055416e-01 -5.97340753e-03 -7.09127069e-01 1.45242190e+00
4.30000000e+02 -7.08189547e-01 5.00989296e-02 -7.04242647e-01 -8.66934586e+00 4.02036682e-02 9.98722255e-01 3.06188483e-02 1.12134457e-01 7.04876781e-01 -6.62918855e-03 -7.09298849e-01 1.37976050e+00
4.32000000e+02 -7.08298326e-01 4.88412231e-02 -7.04221606e-01 -8.73821068e+00 3.84917669e-02 9.98791635e-01 3.05565055e-02 1.13066286e-01 7.04863012e-01 -5.46361227e-03 -7.09322393e-01 1.30880308e+00
4.34000000e+02 -7.08584845e-01 4.99142148e-02 -7.03858018e-01 -8.80568504e+00 3.90391350e-02 9.98740256e-01 3.15245353e-02 1.13338038e-01 7.04544902e-01 -5.14020259e-03 -7.09640801e-01 1.23956895e+00
4.37000000e+02 -7.09033430e-01 5.47889322e-02 -7.03043222e-01 -8.90404797e+00 4.04857472e-02 9.98495460e-01 3.69831473e-02 1.15331084e-01 7.04011738e-01 -2.24094489e-03 -7.10184813e-01 1.13866138e+00
4.40000000e+02 -7.10313618e-01 5.99128380e-02 -7.01330841e-01 -8.99820805e+00 4.55615781e-02 9.98194933e-01 3.91280092e-02 1.16692230e-01 7.02409208e-01 -4.16058255e-03 -7.11761236e-01 1.04342055e+00
4.45000000e+02 -7.21655488e-01 6.43870831e-02 -6.89251482e-01 -9.14060783e+00 5.52759208e-02 9.97845531e-01 3.53400558e-02 1.20239258e-01 6.90041959e-01 -1.25956656e-02 -7.23659754e-01 8.93927097e-01
4.48000000e+02 -7.45342076e-01 6.99676946e-02 -6.63000524e-01 -9.21754551e+00 6.28165454e-02 9.97423708e-01 3.46419327e-02 1.21248513e-01 6.63716257e-01 -1.58273131e-02 -7.47816980e-01 8.07231903e-01
4.53000000e+02 -8.15019906e-01 7.81830177e-02 -5.74134171e-01 -9.32413387e+00 7.34222010e-02 9.96802926e-01 3.15126851e-02 1.22833475e-01 5.74762344e-01 -1.64707266e-02 -8.18154573e-01 6.62811279e-01
4.57000000e+02 -8.88894677e-01 7.33106509e-02 -4.52207714e-01 -9.38382816e+00 6.66362271e-02 9.97305095e-01 3.06949690e-02 1.23472795e-01 4.53239322e-01 -2.84882006e-03 -8.91384304e-01 5.47019958e-01
4.61000000e+02 -9.58100080e-01 4.04764637e-02 -2.83559352e-01 -9.41637993e+00 3.64723317e-02 9.99146581e-01 1.93884466e-02 1.22562617e-01 2.84102112e-01 8.23400076e-03 -9.58758652e-01 4.31612492e-01
4.66000000e+02 -9.98940885e-01 2.09981780e-02 -4.09416892e-02 -9.42720127e+00 2.03938093e-02 9.99677598e-01 1.51239065e-02 1.21048860e-01 4.12460677e-02 1.42729320e-02 -9.99047041e-01 2.83479542e-01
4.68000000e+02 -9.98229682e-01 7.37657910e-03 5.90174831e-02 -9.41948414e+00 8.74941703e-03 9.99696314e-01 2.30370592e-02 1.20651282e-01 -5.88296242e-02 2.35126447e-02 -9.97991085e-01 2.24258006e-01
4.70000000e+02 -9.86883104e-01 1.83682777e-02 1.60388231e-01 -9.40815735e+00 2.17635278e-02 9.99574184e-01 1.94378383e-02 1.20926827e-01 -1.59962893e-01 2.26734877e-02 -9.86862600e-01 1.66602254e-01
4.72000000e+02 -9.65958357e-01 2.18657367e-02 2.57771850e-01 -9.39037037e+00 2.64236052e-02 9.99549568e-01 1.42304730e-02 1.20186612e-01 -2.57344574e-01 2.05573067e-02 -9.66100991e-01 1.11800194e-01
4.74000000e+02 -9.35472131e-01 2.18855646e-02 3.52722198e-01 -9.36738396e+00 2.66382322e-02 9.99607921e-01 8.62531550e-03 1.20396674e-01 -3.52395147e-01 1.74646378e-02 -9.35688317e-01 5.89666367e-02
4.76000000e+02 -8.96695495e-01 2.84315050e-02 4.41733927e-01 -9.33947563e+00 3.43411788e-02 9.99395669e-01 5.38617838e-03 1.20588519e-01 -4.41313833e-01 1.99994259e-02 -8.97129953e-01 6.30331039e-03
4.78000000e+02 -8.55747640e-01 1.83958150e-02 5.17066300e-01 -9.30500984e+00 2.78661959e-02 9.99555886e-01 1.05572259e-02 1.19825989e-01 -5.16642511e-01 2.34429929e-02 -8.55880201e-01 -4.42700386e-02
4.80000000e+02 -8.17292750e-01 1.96070261e-02 5.75888991e-01 -9.26739502e+00 3.50335687e-02 9.99262869e-01 1.56976581e-02 1.19349830e-01 -5.75156689e-01 3.30050290e-02 -8.17377210e-01 -9.47122574e-02
4.82000000e+02 -7.84843802e-01 1.65909976e-02 6.19471550e-01 -9.22519970e+00 3.44877467e-02 9.99261677e-01 1.69317611e-02 1.18952252e-01 -6.18733227e-01 3.46529633e-02 -7.84836531e-01 -1.44062996e-01
4.84000000e+02 -7.60789931e-01 1.42928390e-02 6.48840845e-01 -9.18050766e+00 3.19735669e-02 9.99368906e-01 1.54758273e-02 1.18733488e-01 -6.48210168e-01 3.25196087e-02 -7.60766745e-01 -1.93368435e-01
